LOGGER01.txt,00003,00:00:04,00400,0000,032,42,20.68,84526,1502.9
LOGGER01.txt,00004,00:00:05,00400,0000,037,41,20.70,84518,1503.7
LOGGER01.txt,00005,00:00:07,00400,0000,041,42,20.73,84522,1503.8
LOGGER01.txt,00006,00:00:07,00400,0000,048,41,20.74,84521,1503.4
LOGGER01.txt,00007,00:00:08,00400,0000,050,41,20.79,84521,1503.4
LOGGER01.txt,00008,00:00:09,00400,0000,058,41,20.82,84513,1503.6
LOGGER01.txt,00009,00:00:10,00410,0001,052,41,20.85,84520,1503.5
LOGGER01.txt,00010,00:00:11,00400,0000,054,40,20.88,84521,1503.3
LOGGER01.txt,00011,00:00:12,00400,0000,058,40,20.88,84519,1504.1
LOGGER01.txt,00012,00:00:13,00400,0000,056,39,20.91,84515,1504.0
LOGGER01.txt,00013,00:00:14,00400,0000,050,39,20.95,84521,1503.4
LOGGER01.txt,00014,00:00:15,00402,0000,056,40,20.97,84513,1504.2
LOGGER01.txt,00015,00:00:16,00400,0000,050,40,20.99,84512,1504.2
LOGGER01.txt,00016,00:00:17,00400,0000,055,40,20.99,84513,1504.2
LOGGER01.txt,00017,00:00:18,00400,0000,052,42,21.03,84518,1503.7
LOGGER01.txt,00018,00:00:19,00400,0000,047,42,21.01,84510,1504.4
LOGGER01.txt,00019,00:00:20,00400,0000,047,41,21.05,84521,1503.4
LOGGER01.txt,00020,00:00:21,00400,0000,052,41,21.07,84516,1503.9
LOGGER01.txt,00021,00:00:22,00400,0000,046,40,21.09,84510,1504.4
LOGGER01.txt,00022,00:00:23,00400,0000,043,41,21.11,84519,1503.6
LOGGER01.txt,00023,00:00:24,00400,0000,046,41,21.10,84515,1503.9
LOGGER01.txt,00024,00:00:25,00400,0000,049,41,21.12,84517,1503.7
LOGGER01.txt,00025,00:00:26,00400,0000,043,42,21.13,84519,1503.6
LOGGER01.txt,00026,00:00:27,00400,0000,043,41,21.13,84516,1503.6
LOGGER01.txt,00027,00:00:28,00400,0000,043,41,21.14,84513,1504.2
LOGGER01.txt,00028,00:00:29,00400,0000,047,41,21.18,84510,1504.5
LOGGER01.txt,00029,00:00:30,00400,0000,043,41,21.19,84519,1503.5
LOGGER01.txt,00030,00:00:31,00400,0000,047,41,21.19,84515,1504.0
LOGGER01.txt,00031,00:00:32,00400,0000,040,40,21.18,84513,1504.1
LOGGER01.txt,00032,00:00:33,00400,0000,035,40,21.18,84526,1502.9
LOGGER01.txt,00033,00:00:34,00400,0000,039,40,21.18,84519,1503.6
LOGGER01.txt,00034,00:00:35,00400,0000,037,40,21.22,84516,1503.8
LOGGER01.txt,00035,00:00:36,00400,0000,040,41,21.26,84508,1504.6
LOGGER01.txt,00036,00:00:37,00427,0004,036,41,21.28,84516,1503.9
LOGGER01.txt,00037,00:00:38,00533,0020,035,46,21.23,84518,1503.7
LOGGER01.txt,00038,00:00:39,00456,0008,036,44,21.24,84518,1503.6
LOGGER01.txt,00039,00:00:40,00405,0000,037,42,21.29,84517,1503.7
LOGGER01.txt,00040,00:00:41,00400,0000,037,42,21.30,84509,1504.6
LOGGER01.txt,00041,00:00:42,00400,0000,039,42,21.31,84518,1503.6
LOGGER01.txt,00042,00:00:43,00415,0002,035,42,21.31,84515,1504.0
LOGGER01.txt,00043,00:00:44,00400,0000,033,42,21.33,84518,1503.6
LOGGER01.txt,00044,00:00:45,00400,0000,032,42,21.35,84519,1503.6
LOGGER01.txt,00045,00:00:46,00400,0000,031,41,21.33,84516,1504.1
LOGGER01.txt,00046,00:00:47,00400,0000,031,41,21.34,84511,1504.3
LOGGER01.txt,00047,00:00:48,00400,0000,036,41,21.36,84517,1503.7
LOGGER01.txt,00048,00:00:49,00400,0000,035,41,21.39,84518,1503.6
LOGGER01.txt,00049,00:00:50,00427,0004,031,41,21.34,84514,1504.1
LOGGER01.txt,00050,00:00:51,00417,0002,032,41,21.37,84513,1503.1
LOGGER01.txt,00051,00:00:52,00424,0003,037,41,21.42,84517,1503.7
LOGGER01.txt,00052,00:00:53,00400,0000,032,42,21.41,84518,1503.6
LOGGER01.txt,00053,00:00:54,00414,0002,032,41,21.42,84516,1503.8
LOGGER01.txt,00054,00:00:55,00413,0001,032,41,21.43,84519,1503.6
LOGGER01.txt,00055,00:00:56,00413,0001,029,41,21.45,84516,1503.9
LOGGER01.txt,00056,00:00:57,00400,0000,031,41,21.43,84513,1504.1
LOGGER01.txt,00057,00:00:58,00400,0000,029,41,21.46,84512,1504.2
LOGGER01.txt,00058,00:00:59,00400,0000,025,41,21.46,84517,1503.7
LOGGER01.txt,00059,00:01:00,00400,0000,028,41,21.47,84513,1504.2
LOGGER01.txt,00060,00:01:01,00400,0000,028,40,21.49,84524,1503.1
LOGGER01.txt,00061,00:01:02,00400,0000,029,40,21.49,84516,1503.6
LOGGER01.txt,00062,00:01:03,00418,0002,034,40,21.48,84520,1503.5
LOGGER01.txt,00063,00:01:04,00414,0002,027,40,21.49,84521,1503.4
LOGGER01.txt,00064,00:01:05,00414,0002,027,41,21.49,84518,1503.6
LOGGER01.txt,00065,00:01:06,00400,0000,027,40,21.46,84506,1504.8
LOGGER01.txt,00066,00:01:07,00400,0000,023,39,21.49,84499,1505.5
LOGGER01.txt,00067,00:01:08,00400,0000,022,37,21.45,84507,1504.7
LOGGER01.txt,00068,00:01:09,00400,0000,020,37,21.57,84512,1504.3
LOGGER01.txt,00069,00:01:10,00400,0000,018,36,21.70,84508,1504.6
LOGGER01.txt,00070,00:01:11,00400,0000,015,36,21.78,84509,1504.6
LOGGER01.txt,00071,00:01:12,00400,0000,015,36,21.86,84504,1503.5
LOGGER01.txt,00072,00:01:13,00400,0000,020,36,21.79,84500,1505.4
LOGGER01.txt,00073,00:01:14,00400,0000,023,36,21.79,84503,1505.2
LOGGER01.txt,00074,00:01:15,00400,0000,018,36,21.78,84498,1505.6
LOGGER01.txt,00075,00:01:16,00400,0000,019,36,21.75,84497,1505.4
LOGGER01.txt,00076,00:01:17,00400,0000,019,36,21.72,84492,1506.2
LOGGER01.txt,00077,00:01:18,00407,0001,024,36,21.63,84501,1505.5
LOGGER01.txt,00078,00:01:19,00427,0004,028,36,21.81,84505,1504.9
LOGGER01.txt,00079,00:01:20,00422,0003,024,36,22.03,84501,1505.3
LOGGER01.txt,00080,00:01:21,00422,0003,021,36,22.04,84492,1506.2
LOGGER01.txt,00081,00:01:22,00408,0001,021,36,22.07,84499,1505.5
LOGGER01.txt,00082,00:01:23,00400,0000,024,36,22.15,84490,1506.3
LOGGER01.txt,00083,00:01:24,00400,0000,025,36,22.08,84497,1505.2
LOGGER01.txt,00084,00:01:25,00400,0000,021,36,22.08,84495,1505.9
LOGGER01.txt,00085,00:01:26,00434,0005,023,36,22.09,84496,1505.8
LOGGER01.txt,00086,00:01:27,00424,0003,023,35,22.11,84502,1505.2
LOGGER01.txt,00120,00:02:01,00400,0000,001,42,15.66,83273,1624.4
LOGGER01.txt,00121,00:02:02,00476,0011,003,43,15.55,83241,1627.5
LOGGER01.txt,00122,00:02:03,00486,0013,000,42,15.58,83214,1630.2
LOGGER01.txt,00123,00:02:04,00508,0016,000,41,15.53,83171,1634.4
LOGGER01.txt,00124,00:02:05,00596,0029,000,41,15.59,83099,1641.4
LOGGER01.txt,00125,00:02:06,00564,0024,000,40,15.51,82922,1658.8
LOGGER01.txt,00126,00:02:07,00581,0027,000,40,15.67,82992,1651.9
LOGGER01.txt,00127,00:02:08,00407,0001,000,40,15.75,82939,1657.1
LOGGER01.txt,00128,00:02:09,00415,0002,001,40,15.77,82923,1658.6
LOGGER01.txt,00129,00:02:10,00400,0000,000,40,15.72,82891,1661.8
LOGGER01.txt,00130,00:02:11,00400,0000,001,40,15.65,82882,1662.7
LOGGER01.txt,00131,00:02:12,00400,0000,005,40,15.52,82856,1665.2
LOGGER01.txt,00132,00:02:13,00400,0000,000,40,15.41,82848,1666.5
LOGGER01.txt,00133,00:02:14,00439,0005,000,40,15.33,82842,1666.5
LOGGER01.txt,00134,00:02:15,00427,0004,000,40,15.28,82843,1666.5
LOGGER01.txt,00135,00:02:16,00400,0000,000,40,15.25,82846,1666.1
LOGGER01.txt,00136,00:02:17,00400,0000,000,40,15.18,82847,1666.1
LOGGER01.txt,00137,00:02:18,00400,0000,001,41,15.13,82835,1667.2
LOGGER01.txt,00138,00:02:19,00434,0005,000,41,15.20,82855,1665.3
LOGGER01.txt,00139,00:02:20,00462,0009,000,41,15.27,82839,1666.8
LOGGER01.txt,00140,00:02:21,00466,0010,001,40,15.38,82811,1669.6
LOGGER01.txt,00141,00:02:22,00400,0000,000,40,15.45,82770,1674.2
LOGGER01.txt,00142,00:02:23,00578,0027,000,40,15.48,82788,1671.9
LOGGER01.txt,00143,00:02:24,00567,0025,000,40,15.55,82776,1673.0
LOGGER01.txt,00144,00:02:25,00605,0031,001,40,15.56,82751,1675.5
LOGGER01.txt,00145,00:02:26,00592,0029,006,40,15.50,82737,1676.9
LOGGER01.txt,00146,00:02:27,00588,0028,000,40,15.48,82718,1678.7
LOGGER01.txt,00147,00:02:28,00551,0023,005,40,15.48,82686,1681.8
LOGGER01.txt,00148,00:02:29,00614,0032,000,40,15.48,82672,1683.2
LOGGER01.txt,00149,00:02:30,00638,0036,000,40,15.47,82660,1684.4
LOGGER01.txt,00150,00:02:31,00567,0025,004,40,15.50,82661,1684.3
LOGGER01.txt,00151,00:02:32,00486,0013,003,40,15.49,82645,1685.9
LOGGER01.txt,00152,00:02:33,00454,0008,000,40,15.51,82653,1685.1
LOGGER01.txt,00153,00:02:34,00485,0012,000,40,15.53,82687,1681.7
LOGGER01.txt,00154,00:02:35,00422,0003,001,40,15.58,82711,1679.4
LOGGER01.txt,00155,00:02:36,00400,0000,004,40,15.61,82774,1673.8
LOGGER01.txt,00156,00:02:37,00422,0003,001,40,15.58,82807,1670.0
LOGGER01.txt,00157,00:02:38,00400,0000,001,41,15.61,82860,1664.8
LOGGER01.txt,00158,00:02:39,00475,0011,000,40,15.67,82911,1660.3
LOGGER01.txt,00159,00:02:40,00501,0015,000,40,15.70,82926,1658.4
LOGGER01.txt,00160,00:02:41,00451,0007,002,40,15.70,82937,1657.2
LOGGER01.txt,00161,00:02:42,00542,0021,000,40,15.71,82957,1656.0
LOGGER01.txt,00162,00:02:43,00567,0025,001,40,15.72,82945,1656.4
LOGGER01.txt,00163,00:02:44,00481,0012,001,40,15.74,82970,1653.8
LOGGER01.txt,00164,00:02:45,00476,0011,006,40,15.79,83014,1649.7
LOGGER01.txt,00165,00:02:46,00463,0009,000,40,15.84,83059,1645.4
LOGGER01.txt,00166,00:02:47,00466,0010,001,40,15.86,83107,1640.6
LOGGER01.txt,00167,00:02:48,00454,0008,003,39,15.87,83144,1637.0
LOGGER01.txt,00168,00:02:49,00496,0014,001,40,15.89,83182,1633.3
LOGGER01.txt,00169,00:02:50,00452,0007,001,41,15.87,83251,1626.5
LOGGER01.txt,00170,00:02:51,00400,0000,003,41,15.89,83311,1620.7
LOGGER01.txt,00171,00:02:52,00400,0000,000,42,15.88,83355,1616.4
LOGGER01.txt,00172,00:02:53,00448,0007,001,43,15.88,83404,1611.6
LOGGER01.txt,00173,00:02:54,00448,0007,001,43,15.87,83443,1607.9
LOGGER01.txt,00174,00:02:55,00424,0003,000,43,15.87,83459,1605.8
LOGGER01.txt,00175,00:02:56,00400,0000,004,42,15.92,83508,1601.5
LOGGER01.txt,00176,00:02:57,00612,0032,000,40,16.00,83521,1600.3
LOGGER01.txt,00177,00:02:58,00529,0019,000,40,16.04,83534,1598.2
LOGGER01.txt,00178,00:02:59,00586,0028,000,40,16.05,83551,1597.3
LOGGER01.txt,00361,00:06:02,00418,0002,007,44,13.50,80841,1864.6
LOGGER01.txt,00362,00:06:03,00424,0003,003,44,13.48,80841,1864.6
LOGGER01.txt,00363,00:06:04,00444,0006,001,44,13.45,80831,1865.5
LOGGER01.txt,00364,00:06:05,00405,0000,006,44,13.43,80809,1867.8
LOGGER01.txt,00365,00:06:06,00452,0007,002,44,13.45,80785,1869.6
LOGGER01.txt,00366,00:06:07,00433,0005,002,44,13.48,80779,1870.8
LOGGER01.txt,00367,00:06:08,00443,0006,007,43,13.53,80775,1871.2
LOGGER01.txt,00368,00:06:09,00400,0000,003,43,13.55,80770,1871.7
LOGGER01.txt,00369,00:06:10,00400,0000,004,43,13.58,80774,1871.3
LOGGER01.txt,00370,00:06:11,00400,0000,007,43,13.57,80781,1870.6
LOGGER01.txt,00371,00:06:12,00423,0003,003,43,13.56,80766,1872.1
LOGGER01.txt,00372,00:06:13,00423,0003,001,43,13.51,80757,1873.0
LOGGER01.txt,00373,00:06:14,00424,0003,008,43,13.48,80750,1873.7
LOGGER01.txt,00374,00:06:15,00400,0000,003,43,13.47,80732,1875.4
LOGGER01.txt,00375,00:06:16,00455,0008,004,43,13.44,80709,1877.7
LOGGER01.txt,00376,00:06:17,00466,0010,007,43,13.47,80692,1879.5
LOGGER01.txt,00377,00:06:18,00497,0014,000,43,13.46,80661,1882.6
LOGGER01.txt,00378,00:06:19,00486,0013,007,44,13.47,80646,1885.7
LOGGER01.txt,00379,00:06:20,00486,0013,006,44,13.49,80633,1885.4
LOGGER01.txt,00380,00:06:21,00493,0014,003,44,13.47,80617,1887.0
LOGGER01.txt,00381,00:06:22,00455,0008,004,44,13.49,80609,1887.8
LOGGER01.txt,00382,00:06:23,00405,0000,002,43,13.50,80602,1889.8
LOGGER01.txt,00383,00:06:24,00408,0001,001,43,13.47,80585,1890.2
LOGGER01.txt,00384,00:06:25,00423,0003,004,43,13.43,80577,1891.0
LOGGER01.txt,00385,00:06:26,00438,0005,005,43,13.38,80551,1893.9
LOGGER01.txt,00386,00:06:27,00415,0002,001,44,13.29,80535,1895.2
LOGGER01.txt,00387,00:06:28,00420,0003,010,44,13.18,80515,1897.2
LOGGER01.txt,00388,00:06:29,00400,0000,004,44,13.11,80500,1898.9
LOGGER01.txt,00389,00:06:30,00426,0003,003,44,13.07,80476,1901.1
LOGGER01.txt,00390,00:06:31,00466,0010,004,44,13.03,80469,1901.9
LOGGER01.txt,00391,00:06:32,00418,0002,001,44,12.97,80455,1903.2
LOGGER01.txt,00392,00:06:33,00448,0007,003,44,12.91,80441,1904.7
LOGGER01.txt,00393,00:06:34,00400,0000,004,44,12.85,80430,1905.7
LOGGER01.txt,00394,00:06:35,00457,0008,008,44,12.84,80410,1907.8
LOGGER01.txt,00395,00:06:36,00446,0007,004,45,12.82,80396,1909.1
LOGGER01.txt,00396,00:06:37,00462,0009,009,45,12.79,80392,1909.6
LOGGER01.txt,00397,00:06:38,00434,0005,009,45,12.82,80383,1910.5
LOGGER01.txt,00398,00:06:39,00433,0005,007,45,12.86,80394,1909.4
LOGGER01.txt,00399,00:06:40,00436,0005,005,45,12.90,80400,1908.8
LOGGER01.txt,00400,00:06:41,00400,0000,002,45,12.85,80400,1908.7
LOGGER01.txt,00401,00:06:42,00405,0000,003,45,12.83,80400,1908.7
LOGGER01.txt,00402,00:06:43,00406,0000,001,45,12.79,80398,1909.0
LOGGER01.txt,00403,00:06:44,00400,0000,001,45,12.86,80394,1909.4
LOGGER01.txt,00404,00:06:45,00400,0000,001,45,12.88,80383,1910.5
LOGGER01.txt,00405,00:06:46,00435,0005,001,45,12.88,80378,1911.0
LOGGER01.txt,00406,00:06:47,00434,0005,001,45,12.90,80354,1912.3
LOGGER01.txt,00407,00:06:48,00424,0003,000,45,12.91,80352,1913.3
LOGGER01.txt,00408,00:06:49,00417,0002,007,45,12.94,80346,1914.2
LOGGER01.txt,00409,00:06:50,00426,0003,002,45,12.96,80327,1916.1
LOGGER01.txt,00410,00:06:51,00448,0007,003,45,12.96,80319,1916.9
LOGGER01.txt,00411,00:06:52,00462,0009,005,44,13.00,80325,1917.1
LOGGER01.txt,00412,00:06:53,00424,0003,008,44,13.00,80311,1917.7
LOGGER01.txt,00413,00:06:54,00427,0004,003,44,12.97,80299,1918.9
LOGGER01.txt,00414,00:06:55,00400,0000,003,44,12.98,80274,1921.4
LOGGER01.txt,00415,00:06:56,00445,0006,003,44,13.01,80259,1922.9
LOGGER01.txt,00416,00:06:57,00434,0005,003,44,13.00,80229,1925.9
LOGGER01.txt,00417,00:06:58,00452,0007,007,44,12.99,80217,1927.1
LOGGER01.txt,00418,00:06:59,00476,0011,007,44,12.97,80181,1930.5
LOGGER01.txt,00419,00:07:00,00470,0010,003,44,12.95,80163,1932.5
LOGGER01.txt,00420,00:07:01,00441,0006,003,43,12.94,80159,1933.0
LOGGER01.txt,00421,00:07:02,00444,0006,005,43,12.90,80148,1934.1
LOGGER01.txt,00422,00:07:03,00454,0008,001,43,12.89,80144,1934.5
LOGGER01.txt,00423,00:07:04,00415,0002,003,43,12.89,80136,1935.3
LOGGER01.txt,00424,00:07:05,00403,0000,002,44,12.91,80141,1934.8
LOGGER01.txt,00425,00:07:06,00439,0005,006,44,12.91,80120,1936.9
LOGGER01.txt,00426,00:07:07,00422,0003,003,43,12.91,80102,1938.8
LOGGER01.txt,00427,00:07:08,00460,0009,007,44,12.97,80096,1939.6
LOGGER01.txt,00428,00:07:09,00426,0003,005,44,12.97,80093,1939.6
LOGGER01.txt,00429,00:07:10,00405,0000,008,44,12.96,80082,1940.8
LOGGER01.txt,00430,00:07:11,00427,0004,003,44,12.96,80062,1942.7
LOGGER01.txt,00431,00:07:12,00441,0006,003,44,12.94,80044,1944.6
LOGGER01.txt,00432,00:07:13,00444,0006,005,44,12.94,80042,1944.8
LOGGER01.txt,00433,00:07:14,00418,0002,007,44,12.92,80038,1944.9
LOGGER01.txt,00434,00:07:15,00400,0000,004,44,12.88,80035,1946.0
LOGGER01.txt,00435,00:07:16,00442,0006,010,44,12.81,80018,1947.2
LOGGER01.txt,00436,00:07:17,00400,0000,007,44,12.71,79997,1948.8
LOGGER01.txt,00437,00:07:18,00400,0000,006,44,12.64,80002,1948.8
LOGGER01.txt,00438,00:07:19,00414,0002,010,44,12.59,79993,1949.7
LOGGER01.txt,00439,00:07:20,00405,0000,003,44,12.55,79979,1951.1
LOGGER01.txt,00440,00:07:21,00414,0002,004,44,12.53,79966,1952.4
LOGGER01.txt,00441,00:07:22,00423,0003,005,44,12.48,79945,1954.5
LOGGER01.txt,00442,00:07:23,00418,0002,008,44,12.43,79933,1955.4
LOGGER01.txt,00443,00:07:24,00406,0000,007,44,12.38,79925,1956.5
LOGGER01.txt,00444,00:07:25,00400,0000,007,44,12.33,79913,1957.8
LOGGER01.txt,00445,00:07:26,00400,0000,003,44,12.31,79910,1957.0
LOGGER01.txt,00446,00:07:27,00426,0003,002,44,12.31,79901,1958.9
LOGGER01.txt,00447,00:07:28,00434,0005,006,44,12.33,79883,1960.7
LOGGER01.txt,00448,00:07:29,00426,0003,003,44,12.36,79874,1961.7
LOGGER01.txt,00449,00:07:30,00448,0007,003,44,12.39,79846,1964.5
LOGGER01.txt,00450,00:07:31,00460,0009,002,44,12.30,79821,1967.1
LOGGER01.txt,00451,00:07:32,00460,0009,007,44,12.21,79811,1968.1
LOGGER01.txt,00452,00:07:33,00433,0005,008,44,12.15,79803,1968.9
LOGGER01.txt,00453,00:07:34,00400,0000,005,45,12.11,79803,1968.9
LOGGER01.txt,00454,00:07:35,00400,0000,001,45,12.10,79825,1966.6
LOGGER01.txt,00455,00:07:36,00400,0000,003,45,12.05,79810,1968.2
LOGGER01.txt,00456,00:07:37,00423,0003,003,45,12.06,79788,1970.4
LOGGER01.txt,00457,00:07:38,00466,0010,002,45,12.09,79762,1973.0
LOGGER01.txt,00458,00:07:39,00486,0013,001,45,12.09,79736,1975.7
LOGGER01.txt,00459,00:07:40,00485,0012,003,45,12.04,79728,1976.4
LOGGER01.txt,00460,00:07:41,00445,0006,003,45,11.98,79701,1979.2
LOGGER01.txt,00461,00:07:42,00439,0005,005,45,11.96,79702,1979.1
LOGGER01.txt,00462,00:07:43,00438,0005,003,45,11.98,79710,1978.3
LOGGER01.txt,00463,00:07:44,00403,0000,001,46,12.08,79694,1979.9
LOGGER01.txt,00464,00:07:45,00410,0001,001,46,12.14,79672,1982.1
LOGGER01.txt,00465,00:07:46,00406,0000,008,45,12.19,79621,1987.2
LOGGER01.txt,00466,00:07:47,00401,0000,003,44,12.27,79701,1980.3
LOGGER01.txt,00467,00:07:48,00415,0002,001,45,12.32,79687,1980.6
LOGGER01.txt,00468,00:07:49,00443,0006,003,45,12.33,79685,1980.8
LOGGER01.txt,00469,00:07:50,00447,0007,004,45,12.31,79650,1984.3
LOGGER01.txt,00470,00:07:51,00457,0008,006,45,12.28,79639,1984.4
LOGGER01.txt,00471,00:07:52,00462,0009,004,45,12.28,79625,1986.9
LOGGER01.txt,00472,00:07:53,00485,0012,003,45,12.26,79611,1988.2
LOGGER01.txt,00473,00:07:54,00447,0007,005,45,12.23,79583,1990.3
LOGGER01.txt,00474,00:07:55,00462,0009,008,45,12.20,79569,1992.5
LOGGER01.txt,00475,00:07:56,00455,0008,005,45,12.16,79553,1994.2
LOGGER01.txt,00476,00:07:57,00480,0012,003,45,12.13,79554,1994.0
LOGGER01.txt,00477,00:07:58,00472,0010,005,45,12.19,79533,1996.4
LOGGER01.txt,00478,00:07:59,00455,0008,007,44,12.28,79521,1997.4
LOGGER01.txt,00479,00:08:00,00454,0008,005,44,12.34,79529,1996.5
LOGGER01.txt,00480,00:08:01,00400,0000,001,44,12.36,79543,1995.2
LOGGER01.txt,00481,00:08:02,00400,0000,003,44,12.35,79555,1994.0
LOGGER01.txt,00482,00:08:03,00444,0006,003,44,12.30,79532,1996.3
LOGGER01.txt,00483,00:08:04,00462,0009,009,44,12.27,79511,1998.4
LOGGER01.txt,00484,00:08:05,00514,0017,008,44,12.25,79463,2003.3
LOGGER01.txt,00485,00:08:06,00530,0019,004,44,12.24,79443,2005.3
LOGGER01.txt,00486,00:08:07,00531,0019,001,44,12.11,79394,2010.3
LOGGER01.txt,00487,00:08:08,00518,0017,003,44,12.05,79390,2010.6
LOGGER01.txt,00488,00:08:09,00444,0006,008,44,11.98,79394,2010.3
LOGGER01.txt,00489,00:08:10,00448,0007,002,44,11.91,79387,2010.9
LOGGER01.txt,00490,00:08:11,00427,0004,003,45,11.89,79380,2010.3
LOGGER01.txt,00491,00:08:12,00455,0008,008,45,12.07,79382,2011.4
LOGGER01.txt,00492,00:08:13,00439,0005,003,44,12.15,79393,2010.3
LOGGER01.txt,00493,00:08:14,00452,0007,003,44,12.19,79396,2009.5
LOGGER01.txt,00494,00:08:15,00424,0003,002,44,12.24,79414,2008.3
LOGGER01.txt,00495,00:08:16,00475,0011,005,44,12.29,79453,2004.3
LOGGER01.txt,00496,00:08:17,00439,0005,001,44,12.36,79510,1998.5
LOGGER01.txt,00497,00:08:18,00406,0000,001,44,12.40,79572,1992.2
LOGGER01.txt,00498,00:08:19,00413,0001,004,44,12.42,79651,1984.7
LOGGER01.txt,00499,00:08:20,00400,0000,004,44,12.36,79767,1973.5
LOGGER01.txt,00500,00:08:21,00400,0000,001,44,12.29,79870,1962.1
LOGGER01.txt,00501,00:08:22,00413,0001,003,45,12.25,79945,1954.6
LOGGER01.txt,00502,00:08:23,00400,0000,008,45,12.26,80053,1943.7
LOGGER01.txt,00503,00:08:24,00443,0006,002,45,12.26,80130,1935.9
LOGGER01.txt,00504,00:08:25,00400,0000,003,45,12.27,80235,1925.3
LOGGER01.txt,00505,00:08:26,00426,0003,001,45,12.26,80320,1915.7
LOGGER01.txt,00506,00:08:27,00415,0002,004,45,12.28,80400,1909.0
LOGGER01.txt,00507,00:08:28,00439,0005,003,46,12.28,80501,1898.6
LOGGER01.txt,00508,00:08:29,00420,0003,001,46,12.30,80596,1889.1
LOGGER01.txt,00509,00:08:30,00439,0005,003,46,12.33,80679,1880.8
LOGGER01.txt,00510,00:08:31,00401,0000,007,46,12.36,80764,1872.3
LOGGER01.txt,00511,00:08:32,00424,0003,008,45,12.49,80853,1863.4
LOGGER01.txt,00512,00:08:33,00400,0000,003,45,12.71,80956,1853.1
LOGGER01.txt,00513,00:08:34,00400,0000,000,47,12.88,81084,1840.6
LOGGER01.txt,00514,00:08:35,00413,0001,006,46,13.01,81180,1830.8
LOGGER01.txt,00515,00:08:36,00452,0007,006,49,13.12,81267,1822.6
LOGGER01.txt,00516,00:08:37,00508,0016,003,50,13.25,81328,1816.0
LOGGER01.txt,00517,00:08:38,00475,0011,009,50,13.33,81414,1807.5
LOGGER01.txt,00518,00:08:39,00476,0011,001,50,13.33,81481,1800.8
LOGGER01.txt,00519,00:08:40,00452,0007,007,51,13.27,81561,1792.8
LOGGER01.txt,00520,00:08:41,00448,0007,003,51,13.26,81680,1781.1
LOGGER01.txt,00521,00:08:42,00400,0000,003,51,13.27,81767,1772.4
LOGGER01.txt,00522,00:08:43,00400,0000,003,51,13.28,81857,1763.6
LOGGER01.txt,00523,00:08:44,00403,0000,003,51,13.29,81965,1752.9
LOGGER01.txt,00524,00:08:45,00466,0010,001,51,13.32,82045,1745.2
LOGGER01.txt,00525,00:08:46,00444,0006,003,51,13.39,82132,1736.4
LOGGER01.txt,00526,00:08:47,00447,0007,001,50,13.42,82241,1725.6
LOGGER01.txt,00527,00:08:48,00405,0000,001,50,13.45,82320,1717.8
LOGGER01.txt,00528,00:08:49,00400,0000,003,51,13.46,82421,1707.9
LOGGER01.txt,00529,00:08:50,00482,0012,003,51,13.50,82515,1698.7
LOGGER01.txt,00530,00:08:51,00450,0007,007,51,13.55,82627,1687.7
LOGGER01.txt,00531,00:08:52,00475,0011,001,51,13.62,82765,1674.4
LOGGER01.txt,00532,00:08:53,00400,0000,004,51,13.72,82909,1660.0
LOGGER01.txt,00533,00:08:54,00400,0000,003,51,13.80,83125,1638.9
LOGGER01.txt,00534,00:08:55,00400,0000,003,50,13.94,83284,1623.4
LOGGER01.txt,00535,00:08:56,00400,0000,002,50,14.08,83463,1605.9
LOGGER01.txt,00536,00:08:57,00400,0000,003,50,14.19,83602,1592.4
LOGGER01.txt,00537,00:08:58,00400,0000,007,50,14.30,83720,1580.4
LOGGER01.txt,00538,00:08:59,00400,0000,006,50,14.40,83835,1569.7
LOGGER01.txt,00539,00:09:00,00485,0012,001,50,14.47,83907,1562.7
LOGGER01.txt,00540,00:09:01,00486,0013,002,50,14.58,84001,1553.6
LOGGER01.txt,00541,00:09:02,00493,0014,004,49,14.64,84071,1546.8
LOGGER01.txt,00542,00:09:03,00506,0016,004,49,14.70,84077,1546.2
LOGGER01.txt,00543,00:09:04,00427,0004,003,49,14.78,84118,1542.3
LOGGER01.txt,00544,00:09:05,00435,0005,002,47,14.89,84123,1541.3
LOGGER01.txt,00545,00:09:06,00444,0006,001,46,15.02,84115,1542.6
LOGGER01.txt,00546,00:09:07,00555,0023,008,45,15.09,84097,1544.3
LOGGER01.txt,00547,00:09:08,00472,0010,004,44,15.11,84058,1548.1
LOGGER01.txt,00548,00:09:09,00537,0020,007,44,15.19,84040,1549.9
LOGGER01.txt,00549,00:09:10,00602,0030,004,44,15.23,83986,1555.1
LOGGER01.txt,00550,00:09:11,00560,0024,004,44,15.31,83960,1557.3
LOGGER01.txt,00551,00:09:12,00508,0016,005,44,15.40,83924,1561.1
LOGGER01.txt,00552,00:09:13,00623,0033,003,44,15.47,83880,1565.3
LOGGER01.txt,00553,00:09:14,00643,0037,003,43,15.52,83826,1571.1
LOGGER01.txt,00554,00:09:15,00596,0029,001,43,15.44,83790,1574.1
LOGGER01.txt,00555,00:09:16,00566,0025,004,43,15.42,83747,1578.3
LOGGER01.txt,00556,00:09:17,00553,0023,002,43,15.52,83738,1579.2
LOGGER01.txt,00557,00:09:18,00497,0014,003,43,15.64,83717,1581.2
LOGGER01.txt,00558,00:09:19,00496,0014,004,42,15.78,83687,1584.1
LOGGER01.txt,00559,00:09:20,00439,0005,003,42,15.87,83703,1582.5
LOGGER01.txt,00560,00:09:21,00482,0012,000,42,15.95,83683,1584.5
LOGGER01.txt,00561,00:09:22,00477,0011,002,42,15.95,83651,1587.6
LOGGER01.txt,00562,00:09:23,00564,0024,003,42,15.95,83635,1589.2
LOGGER01.txt,00563,00:09:24,00574,0026,007,42,15.93,83605,1592.1
LOGGER01.txt,00564,00:09:25,00611,0032,006,41,15.96,83593,1593.2
LOGGER01.txt,00565,00:09:26,00549,0022,001,41,15.98,83574,1595.1
LOGGER01.txt,00566,00:09:27,00560,0024,003,41,15.99,83554,1597.0
LOGGER01.txt,00567,00:09:28,00455,0008,003,41,16.01,83557,1596.7
LOGGER01.txt,00568,00:09:29,00426,0003,004,41,16.01,83535,1598.9
LOGGER01.txt,00569,00:09:30,00455,0008,001,41,16.02,83537,1598.7
LOGGER01.txt,00570,00:09:31,00492,0014,007,42,16.02,83532,1599.2
LOGGER01.txt,00571,00:09:32,00536,0020,001,42,16.02,83521,1600.3
LOGGER01.txt,00572,00:09:33,00536,0020,002,43,16.03,83505,1601.8
LOGGER01.txt,00573,00:09:34,00498,0014,003,43,16.00,83480,1604.2
LOGGER01.txt,00574,00:09:35,00540,0021,001,43,15.99,83486,1603.6
LOGGER01.txt,00575,00:09:36,00506,0016,001,43,16.00,83471,1605.9
LOGGER01.txt,00576,00:09:37,00413,0001,004,42,15.99,83446,1607.6
LOGGER01.txt,00577,00:09:38,00459,0008,006,43,15.97,83425,1609.6
LOGGER01.txt,00578,00:09:39,00540,0021,003,43,15.94,83388,1613.2
LOGGER01.txt,00579,00:09:40,00481,0012,007,43,15.93,83373,1614.7
LOGGER01.txt,00580,00:09:41,00503,0015,006,43,15.87,83337,1618.2
LOGGER01.txt,00581,00:09:42,00400,0000,001,43,15.83,83321,1619.8
LOGGER01.txt,00582,00:09:43,00448,0007,006,43,15.81,83286,1623.2
LOGGER01.txt,00583,00:09:44,00447,0007,006,43,15.82,83261,1625.6
LOGGER01.txt,00584,00:09:45,00427,0004,006,44,15.80,83215,1630.1
LOGGER01.txt,00585,00:09:46,00566,0025,003,45,15.74,83160,1635.5
LOGGER01.txt,00586,00:09:47,00459,0008,003,45,15.62,83114,1639.9
LOGGER01.txt,00587,00:09:48,00463,0009,008,45,15.44,83067,1644.6
LOGGER01.txt,00588,00:09:49,00546,0022,001,46,15.38,83064,1644.3
LOGGER01.txt,00589,00:09:50,00400,0000,001,46,15.28,83082,1643.1
LOGGER01.txt,00590,00:09:51,00400,0000,003,47,15.20,83187,1632.9
LOGGER01.txt,00591,00:09:52,00400,0000,008,47,15.15,83206,1631.0
LOGGER01.txt,00592,00:09:53,00400,0000,001,47,15.12,83226,1629.0
LOGGER01.txt,00593,00:09:54,00401,0000,003,46,15.08,83220,1629.5
LOGGER01.txt,00594,00:09:55,00401,0000,006,46,15.07,83191,1632.4
LOGGER01.txt,00595,00:09:56,00423,0003,001,47,15.02,83174,1634.1
LOGGER01.txt,00596,00:09:57,00400,0000,003,47,14.99,83157,1635.7
LOGGER01.txt,00597,00:09:58,00400,0000,001,46,14.97,83197,1631.9
LOGGER01.txt,00598,00:09:59,00414,0002,001,46,15.07,83194,1632.1
LOGGER01.txt,00599,00:10:00,00450,0007,003,46,15.04,83182,1633.3
LOGGER01.txt,00600,00:10:01,00409,0001,001,45,15.04,83161,1635.1
LOGGER01.txt,00601,00:10:02,00518,0017,002,45,15.06,83131,1638.3
LOGGER01.txt,00602,00:10:03,00514,0017,002,45,15.04,83107,1640.1
LOGGER01.txt,00603,00:10:04,00566,0025,001,46,15.01,83071,1644.2
LOGGER01.txt,00604,00:10:05,00561,0024,006,46,14.90,83067,1643.3
LOGGER01.txt,00605,00:10:06,00422,0003,007,46,14.86,83096,1643.0
LOGGER01.txt,00606,00:10:07,00406,0000,002,46,14.84,83112,1640.2
LOGGER01.txt,00607,00:10:08,00455,0008,003,45,14.87,83142,1637.2
LOGGER01.txt,00608,00:10:09,00455,0008,007,45,14.85,83172,1634.3
LOGGER01.txt,00609,00:10:10,00454,0008,008,45,14.93,83216,1630.0
LOGGER01.txt,00610,00:10:11,00400,0000,002,45,14.92,83225,1629.9
LOGGER01.txt,00611,00:10:12,00406,0000,004,44,14.88,83228,1628.9
LOGGER01.txt,00612,00:10:13,00401,0000,005,44,14.88,83197,1631.8
LOGGER01.txt,00613,00:10:14,00443,0006,009,44,14.87,83172,1634.3
LOGGER01.txt,00614,00:10:15,00526,0019,001,44,14.86,83150,1636.5
LOGGER01.txt,00615,00:10:16,00523,0018,001,44,14.91,83124,1639.0
LOGGER01.txt,00616,00:10:17,00530,0019,008,44,14.98,83132,1638.2
LOGGER01.txt,00617,00:10:18,00452,0007,009,43,15.09,83127,1638.7
LOGGER01.txt,00618,00:10:19,00531,0019,005,43,15.10,83110,1640.9
LOGGER01.txt,00619,00:10:20,00553,0023,002,43,15.10,83094,1641.9
LOGGER01.txt,00620,00:10:21,00567,0025,004,43,15.14,83099,1641.4
LOGGER01.txt,00621,00:10:22,00519,0018,005,43,15.16,83097,1641.6
LOGGER01.txt,00622,00:10:23,00531,0019,011,43,15.23,83110,1640.4
LOGGER01.txt,00623,00:10:24,00422,0003,007,42,15.27,83121,1638.5
LOGGER01.txt,00624,00:10:25,00492,0014,010,42,15.35,83133,1638.1
LOGGER01.txt,00625,00:10:26,00476,0011,002,42,15.36,83129,1639.8
LOGGER01.txt,00626,00:10:27,00418,0002,010,42,15.29,83164,1635.1
LOGGER01.txt,00627,00:10:28,00441,0006,008,42,15.27,83147,1636.7
LOGGER01.txt,00628,00:10:29,00406,0000,000,42,15.21,83134,1638.0
LOGGER01.txt,00629,00:10:30,00443,0006,003,42,15.20,83146,1636.9
LOGGER01.txt,00630,00:10:31,00403,0000,006,42,15.15,83198,1631.7
LOGGER01.txt,00631,00:10:32,00400,0000,003,44,15.20,83286,1623.2
LOGGER01.txt,00632,00:10:33,00400,0000,001,45,15.31,83390,1613.0
LOGGER01.txt,00633,00:10:34,00481,0012,003,46,15.32,83472,1605.0
LOGGER01.txt,00634,00:10:35,00508,0016,008,45,15.34,83558,1596.7
LOGGER01.txt,00635,00:10:36,00462,0009,004,44,15.46,83580,1594.5
LOGGER01.txt,00636,00:10:37,00459,0008,003,43,15.55,83686,1584.8
LOGGER01.txt,00637,00:10:38,00400,0000,008,42,15.70,83798,1573.9
LOGGER01.txt,00638,00:10:39,00445,0006,007,41,15.80,83890,1564.4
LOGGER01.txt,00639,00:10:40,00485,0012,008,40,15.88,83996,1553.6
LOGGER01.txt,00640,00:10:41,00447,0007,007,40,16.00,84061,1547.8
LOGGER01.txt,00641,00:10:42,00400,0000,005,42,16.10,84204,1533.9
LOGGER01.txt,00642,00:10:43,00435,0005,001,41,16.23,84288,1525.9
LOGGER01.txt,00643,00:10:44,00401,0000,004,42,16.31,84331,1521.7
LOGGER01.txt,00644,00:10:45,00462,0009,001,42,16.39,84365,1519.0
LOGGER01.txt,00645,00:10:46,00491,0013,005,43,16.52,84394,1515.6
LOGGER01.txt,00646,00:10:47,00470,0010,005,42,16.51,84417,1513.4
LOGGER01.txt,00647,00:10:48,00508,0016,005,42,16.58,84413,1513.8
LOGGER01.txt,00648,00:10:49,00518,0017,009,42,16.60,84444,1510.8
LOGGER01.txt,00649,00:10:50,00508,0016,006,43,16.73,84446,1511.6
LOGGER01.txt,00650,00:10:51,00580,0027,003,43,16.78,84474,1507.9
LOGGER01.txt,00651,00:10:52,00615,0032,010,43,16.88,84479,1507.5
