LOGGER05.txt,00000,00:00:02,00000,0000,016,47,28.56,91100,888.2
LOGGER05.txt,00001,00:00:02,00000,0000,031,47,28.43,91097,888.5
LOGGER05.txt,00002,00:00:03,00000,0000,054,48,28.30,91107,887.8
LOGGER05.txt,00003,00:00:04,00400,0000,087,48,28.19,91113,887.0
LOGGER05.txt,00004,00:00:05,00400,0000,115,48,28.07,91110,887.5
LOGGER05.txt,00005,00:00:06,00400,0000,143,48,28.01,91115,886.9
LOGGER05.txt,00006,00:00:07,00400,0000,168,49,27.99,91117,886.7
LOGGER05.txt,00007,00:00:08,00400,0000,185,49,27.79,91120,885.9
LOGGER05.txt,00008,00:00:09,00400,0000,203,49,27.64,91117,886.7
LOGGER05.txt,00009,00:00:10,00400,0000,214,50,27.67,91124,886.0
LOGGER05.txt,00010,00:00:11,00400,0000,219,50,27.51,91121,886.3
LOGGER05.txt,00011,00:00:12,00400,0000,217,50,27.29,91131,885.4
LOGGER05.txt,00012,00:00:13,00400,0000,218,50,27.11,91126,885.8
LOGGER05.txt,00013,00:00:14,00400,0000,221,50,27.01,91121,886.3
LOGGER05.txt,00014,00:00:15,00400,0000,228,50,26.91,91128,885.7
LOGGER05.txt,00015,00:00:16,00400,0000,230,50,26.74,91129,885.6
LOGGER05.txt,00016,00:00:17,00400,0000,225,51,26.58,91126,885.8
LOGGER05.txt,00017,00:00:18,00400,0000,217,51,26.40,91130,885.2
LOGGER05.txt,00018,00:00:19,00400,0000,216,51,26.33,91136,885.5
LOGGER05.txt,00019,00:00:20,00400,0000,208,52,26.19,91132,884.5
LOGGER05.txt,00020,00:00:21,00400,0000,205,52,26.06,91132,885.1
LOGGER05.txt,00021,00:00:22,00423,0003,199,52,25.92,91129,885.6
LOGGER05.txt,00022,00:00:23,00400,0000,199,53,25.80,91131,885.4
LOGGER05.txt,00023,00:00:24,00400,0000,198,53,25.70,91127,885.8
LOGGER05.txt,00024,00:00:25,00400,0000,195,53,25.60,91119,886.5
LOGGER05.txt,00025,00:00:26,00400,0000,190,54,25.55,91125,886.0
LOGGER05.txt,00026,00:00:27,00400,0000,185,54,25.44,91119,886.5
LOGGER05.txt,00027,00:00:28,00400,0000,179,54,25.33,91121,886.3
LOGGER05.txt,00028,00:00:29,00400,0000,175,55,25.30,91124,886.0
LOGGER05.txt,00029,00:00:30,00400,0000,176,55,25.25,91123,885.9
LOGGER05.txt,00030,00:00:31,00400,0000,172,55,25.19,91122,886.2
LOGGER05.txt,00031,00:00:32,00400,0000,165,56,25.13,91130,885.5
LOGGER05.txt,00032,00:00:33,00400,0000,162,56,25.07,91120,886.4
LOGGER05.txt,00033,00:00:34,00400,0000,160,57,25.02,91123,886.1
LOGGER05.txt,00034,00:00:35,00400,0000,161,57,24.97,91116,886.8
LOGGER05.txt,00035,00:00:36,00400,0000,155,57,24.89,91123,886.1
LOGGER05.txt,00036,00:00:37,00400,0000,157,57,24.85,91121,886.3
LOGGER05.txt,00037,00:00:38,00400,0000,158,58,24.82,91112,887.1
LOGGER05.txt,00038,00:00:39,00400,0000,158,58,24.79,91120,886.4
LOGGER05.txt,00039,00:00:40,00400,0000,156,57,24.80,91120,887.2
LOGGER05.txt,00040,00:00:41,00400,0000,149,58,24.72,91121,886.3
LOGGER05.txt,00041,00:00:42,00400,0000,145,58,24.69,91116,886.8
LOGGER05.txt,00042,00:00:43,00400,0000,139,58,24.64,91119,886.5
LOGGER05.txt,00043,00:00:44,00400,0000,139,58,24.58,91116,886.8
LOGGER05.txt,00044,00:00:45,00400,0000,132,57,24.49,91113,887.0
LOGGER05.txt,00045,00:00:46,00400,0000,129,57,24.44,91111,887.3
LOGGER05.txt,00046,00:00:47,00400,0000,133,57,24.42,91107,887.5
LOGGER05.txt,00047,00:00:48,00451,0007,130,57,24.40,91119,886.5
LOGGER05.txt,00048,00:00:49,00442,0006,131,57,24.41,91136,884.9
LOGGER05.txt,00049,00:00:50,00418,0002,136,57,24.39,91125,886.0
LOGGER05.txt,00050,00:00:51,00406,0000,136,58,24.38,91129,885.6
LOGGER05.txt,00051,00:00:52,00401,0000,137,58,24.35,91130,885.5
LOGGER05.txt,00052,00:00:53,00400,0000,135,58,24.29,91132,885.8
LOGGER05.txt,00053,00:00:54,00400,0000,135,59,24.28,91141,884.7
LOGGER05.txt,00054,00:00:55,00400,0000,135,59,24.26,91138,884.8
LOGGER05.txt,00055,00:00:56,00400,0000,141,59,24.26,91138,884.8
LOGGER05.txt,00056,00:00:57,00400,0000,138,59,24.29,91137,884.8
LOGGER05.txt,00057,00:00:58,00400,0000,137,59,24.28,91136,884.5
LOGGER05.txt,00058,00:00:59,00400,0000,136,59,24.25,91144,884.2
LOGGER05.txt,00059,00:01:00,00400,0000,131,58,24.23,91141,884.5
LOGGER05.txt,00060,00:01:01,00400,0000,128,58,24.20,91137,884.8
LOGGER05.txt,00061,00:01:02,00400,0000,125,58,24.21,91146,884.3
LOGGER05.txt,00062,00:01:03,00400,0000,124,58,24.20,91144,884.2
LOGGER05.txt,00063,00:01:04,00400,0000,123,58,24.21,91141,884.5
LOGGER05.txt,00064,00:01:05,00400,0000,122,58,24.22,91148,883.9
LOGGER05.txt,00065,00:01:06,00400,0000,122,58,24.28,91149,884.0
LOGGER05.txt,00066,00:01:07,00400,0000,121,58,24.30,91143,884.3
LOGGER05.txt,00067,00:01:08,00400,0000,123,58,24.30,91152,883.4
LOGGER05.txt,00068,00:01:09,00400,0000,120,59,24.26,91148,883.8
LOGGER05.txt,00069,00:01:10,00400,0000,115,59,24.27,91153,883.4
LOGGER05.txt,00070,00:01:11,00400,0000,113,59,24.25,91150,883.7
LOGGER05.txt,00071,00:01:12,00400,0000,114,59,24.25,91153,883.4
LOGGER05.txt,00072,00:01:13,00400,0000,110,59,24.26,91156,883.1
LOGGER05.txt,00073,00:01:14,00400,0000,103,60,24.22,91148,883.9
LOGGER05.txt,00074,00:01:15,00400,0000,102,60,24.24,91162,882.6
LOGGER05.txt,00075,00:01:16,00400,0000,095,59,24.26,91156,883.1
LOGGER05.txt,00076,00:01:17,00400,0000,091,60,24.25,91155,883.2
LOGGER05.txt,00077,00:01:18,00400,0000,088,60,24.24,91160,882.8
LOGGER05.txt,00078,00:01:19,00400,0000,084,60,24.25,91158,882.7
LOGGER05.txt,00079,00:01:20,00400,0000,079,59,24.18,91158,882.9
LOGGER05.txt,00080,00:01:21,00400,0000,077,59,24.13,91159,882.4
LOGGER05.txt,00081,00:01:22,00400,0000,074,60,24.14,91165,882.3
LOGGER05.txt,00082,00:01:23,00400,0000,071,60,24.11,91161,882.6
LOGGER05.txt,00083,00:01:24,00400,0000,071,59,24.05,91157,883.0
LOGGER05.txt,00084,00:01:25,00400,0000,072,59,24.04,91163,882.5
LOGGER05.txt,00085,00:01:26,00400,0000,073,59,24.01,91159,882.6
LOGGER05.txt,00086,00:01:27,00400,0000,075,59,24.00,91168,882.0
LOGGER05.txt,00087,00:01:28,00400,0000,071,59,23.98,91171,881.7
LOGGER05.txt,00088,00:01:29,00400,0000,071,60,23.97,91170,881.9
LOGGER05.txt,00089,00:01:30,00400,0000,069,60,23.95,91178,881.1
LOGGER05.txt,00090,00:01:31,00400,0000,069,60,23.93,91167,882.1
LOGGER05.txt,00091,00:01:32,00400,0000,067,60,23.91,91172,881.7
LOGGER05.txt,00092,00:01:33,00400,0000,065,60,23.86,91172,881.7
LOGGER05.txt,00093,00:01:34,00400,0000,063,60,23.83,91170,881.9
LOGGER05.txt,00094,00:01:35,00400,0000,064,60,23.82,91174,881.5
LOGGER05.txt,00095,00:01:36,00400,0000,064,60,23.77,91189,880.4
LOGGER05.txt,00096,00:01:37,00400,0000,066,60,23.71,91196,879.5
LOGGER05.txt,00097,00:01:38,00400,0000,063,60,23.68,91196,879.5
LOGGER05.txt,00098,00:01:39,00400,0000,059,60,23.62,91204,878.8
LOGGER05.txt,00099,00:01:40,00406,0000,060,60,23.59,91217,878.1
LOGGER05.txt,00100,00:01:41,00400,0000,064,61,23.57,91223,877.0
LOGGER05.txt,00101,00:01:42,00400,0000,061,61,23.53,91233,876.1
LOGGER05.txt,00102,00:01:43,00400,0000,063,61,23.48,91236,875.9
LOGGER05.txt,00103,00:01:44,00401,0000,059,61,23.43,91240,875.5
LOGGER05.txt,00104,00:01:45,00400,0000,059,61,23.37,91247,874.9
LOGGER05.txt,00105,00:01:46,00400,0000,056,61,23.35,91249,874.7
LOGGER05.txt,00106,00:01:47,00400,0000,055,61,23.33,91254,874.2
LOGGER05.txt,00107,00:01:48,00400,0000,051,62,23.36,91270,872.8
LOGGER05.txt,00108,00:01:49,00400,0000,056,62,23.36,91262,873.6
LOGGER05.txt,00109,00:01:50,00400,0000,057,62,23.36,91275,872.8
LOGGER05.txt,00110,00:01:51,00407,0001,058,62,23.35,91274,872.5
LOGGER05.txt,00111,00:01:52,00400,0000,062,62,23.35,91278,872.0
LOGGER05.txt,00112,00:01:53,00400,0000,063,62,23.31,91284,871.1
LOGGER05.txt,00113,00:01:54,00400,0000,062,62,23.29,91289,871.1
LOGGER05.txt,00114,00:01:55,00400,0000,065,62,23.29,91292,870.8
LOGGER05.txt,00115,00:01:56,00403,0000,063,62,23.29,91300,870.1
LOGGER05.txt,00116,00:01:57,00400,0000,062,62,23.27,91302,869.4
LOGGER05.txt,00117,00:01:58,00400,0000,062,62,23.26,91312,869.0
LOGGER05.txt,00118,00:01:59,00400,0000,062,62,23.19,91310,869.2
LOGGER05.txt,00119,00:02:00,00400,0000,060,62,23.20,91313,868.9
LOGGER05.txt,00120,00:02:01,00406,0000,055,62,23.20,91319,868.3
LOGGER05.txt,00121,00:02:02,00400,0000,062,62,23.23,91329,867.5
LOGGER05.txt,00122,00:02:03,00407,0001,059,62,23.27,91324,867.9
LOGGER05.txt,00123,00:02:04,00400,0000,060,62,23.26,91339,866.6
LOGGER05.txt,00124,00:02:05,00400,0000,062,62,23.27,91340,866.4
LOGGER05.txt,00125,00:02:06,00400,0000,059,62,23.26,91347,865.8
LOGGER05.txt,00126,00:02:07,00400,0000,058,63,23.27,91346,865.9
LOGGER05.txt,00127,00:02:08,00400,0000,060,62,23.22,91352,865.4
LOGGER05.txt,00128,00:02:09,00400,0000,058,62,23.20,91346,865.9
LOGGER05.txt,00129,00:02:10,00400,0000,053,62,23.15,91361,864.6
LOGGER05.txt,00130,00:02:11,00400,0000,047,62,23.11,91363,864.2
LOGGER05.txt,00131,00:02:12,00400,0000,047,62,23.07,91365,864.2
LOGGER05.txt,00132,00:02:13,00400,0000,048,62,23.05,91366,864.1
LOGGER05.txt,00133,00:02:14,00400,0000,043,62,23.00,91370,863.2
LOGGER05.txt,00134,00:02:15,00400,0000,046,62,22.96,91372,863.5
LOGGER05.txt,00135,00:02:16,00400,0000,039,62,22.94,91376,863.2
LOGGER05.txt,00136,00:02:17,00400,0000,046,62,22.92,91393,861.6
LOGGER05.txt,00137,00:02:18,00400,0000,042,62,22.93,91391,861.8
LOGGER05.txt,00138,00:02:19,00400,0000,045,62,22.90,91393,861.7
LOGGER05.txt,00139,00:02:20,00423,0003,048,62,22.89,91397,862.1
LOGGER05.txt,00140,00:02:21,00400,0000,050,62,22.88,91400,861.0
LOGGER05.txt,00141,00:02:22,00400,0000,052,62,22.88,91405,860.5
LOGGER05.txt,00142,00:02:23,00400,0000,048,62,22.85,91403,860.5
LOGGER05.txt,00143,00:02:24,00400,0000,047,62,22.83,91414,859.8
LOGGER05.txt,00144,00:02:25,00415,0002,049,63,22.84,91418,859.4
LOGGER05.txt,00145,00:02:26,00400,0000,047,63,22.81,91414,859.2
LOGGER05.txt,00146,00:02:27,00400,0000,048,64,22.81,91427,858.6
LOGGER05.txt,00147,00:02:28,00405,0000,052,64,22.83,91438,857.5
LOGGER05.txt,00148,00:02:29,00415,0002,053,64,22.88,91446,856.8
LOGGER05.txt,00149,00:02:30,00406,0000,048,63,22.87,91459,855.7
LOGGER05.txt,00150,00:02:31,00415,0002,047,63,22.85,91450,856.5
LOGGER05.txt,00151,00:02:32,00401,0000,054,63,22.86,91460,855.6
LOGGER05.txt,00152,00:02:33,00400,0000,054,63,22.87,91467,854.7
LOGGER05.txt,00153,00:02:34,00400,0000,052,63,22.87,91464,855.2
LOGGER05.txt,00154,00:02:35,00400,0000,054,64,22.87,91475,854.3
LOGGER05.txt,00155,00:02:36,00400,0000,052,64,22.88,91477,853.8
LOGGER05.txt,00156,00:02:37,00403,0000,055,64,22.89,91487,853.2
LOGGER05.txt,00157,00:02:38,00407,0001,052,64,22.90,91479,853.9
LOGGER05.txt,00158,00:02:39,00402,0000,054,64,22.91,91492,852.7
LOGGER05.txt,00159,00:02:40,00400,0000,053,64,22.91,91495,852.4
LOGGER05.txt,00160,00:02:41,00400,0000,054,64,22.91,91495,852.4
LOGGER05.txt,00161,00:02:42,00406,0000,050,64,22.93,91504,851.6
LOGGER05.txt,00162,00:02:43,00405,0000,054,64,22.94,91514,850.8
LOGGER05.txt,00163,00:02:44,00400,0000,051,64,22.95,91520,850.2
LOGGER05.txt,00164,00:02:45,00400,0000,047,64,22.96,91519,850.2
LOGGER05.txt,00165,00:02:46,00400,0000,048,64,22.98,91519,849.8
LOGGER05.txt,00166,00:02:47,00405,0000,053,64,23.01,91524,849.8
LOGGER05.txt,00167,00:02:48,00400,0000,049,64,23.04,91528,849.4
LOGGER05.txt,00168,00:02:49,00411,0001,049,64,23.08,91535,848.9
LOGGER05.txt,00169,00:02:50,00400,0000,048,64,23.09,91542,848.2
LOGGER05.txt,00170,00:02:51,00400,0000,047,63,23.09,91544,848.0
LOGGER05.txt,00171,00:02:52,00400,0000,046,63,23.09,91552,847.0
LOGGER05.txt,00172,00:02:53,00400,0000,046,63,23.09,91558,846.7
LOGGER05.txt,00173,00:02:54,00401,0000,049,64,23.10,91568,846.4
LOGGER05.txt,00174,00:02:55,00400,0000,046,64,23.08,91568,845.3
LOGGER05.txt,00175,00:02:56,00400,0000,044,64,23.07,91582,844.6
LOGGER05.txt,00176,00:02:57,00400,0000,040,63,23.07,91590,843.8
LOGGER05.txt,00177,00:02:58,00400,0000,039,63,23.07,91604,842.6
LOGGER05.txt,00178,00:02:59,00400,0000,040,63,23.07,91605,842.5
LOGGER05.txt,00179,00:03:00,00400,0000,037,63,23.07,91604,842.6
LOGGER05.txt,00180,00:03:01,00400,0000,040,63,23.09,91618,841.3
LOGGER05.txt,00181,00:03:02,00400,0000,041,63,23.08,91622,841.0
LOGGER05.txt,00182,00:03:03,00400,0000,035,63,23.09,91637,839.6
LOGGER05.txt,00183,00:03:04,00405,0000,036,63,23.07,91635,839.8
LOGGER05.txt,00184,00:03:05,00405,0000,036,64,23.09,91642,839.1
LOGGER05.txt,00185,00:03:06,00400,0000,040,64,23.08,91655,837.9
LOGGER05.txt,00186,00:03:07,00400,0000,034,64,23.09,91662,837.3
LOGGER05.txt,00187,00:03:08,00406,0000,035,64,23.10,91664,837.2
LOGGER05.txt,00188,00:03:09,00405,0000,033,65,23.11,91673,836.4
LOGGER05.txt,00189,00:03:10,00405,0000,036,65,23.13,91679,835.8
LOGGER05.txt,00190,00:03:11,00400,0000,037,65,23.10,91677,836.0
LOGGER05.txt,00191,00:03:12,00400,0000,037,64,23.09,91700,834.4
LOGGER05.txt,00192,00:03:13,00405,0000,031,64,23.07,91697,834.1
LOGGER05.txt,00193,00:03:14,00400,0000,031,64,23.08,91704,833.6
LOGGER05.txt,00194,00:03:15,00402,0000,032,65,23.08,91709,832.6
LOGGER05.txt,00195,00:03:16,00406,0000,031,64,23.06,91723,831.8
LOGGER05.txt,00196,00:03:17,00400,0000,032,64,23.08,91728,831.4
LOGGER05.txt,00197,00:03:18,00403,0000,032,64,23.10,91732,831.0
LOGGER05.txt,00198,00:03:19,00400,0000,032,64,23.08,91736,830.6
LOGGER05.txt,00199,00:03:20,00407,0001,030,64,23.07,91740,830.3
LOGGER05.txt,00200,00:03:21,00400,0000,033,64,23.08,91747,829.4
LOGGER05.txt,00201,00:03:22,00400,0000,032,64,23.07,91754,829.0
LOGGER05.txt,00202,00:03:23,00400,0000,028,64,23.07,91759,828.6
LOGGER05.txt,00203,00:03:24,00400,0000,030,64,23.08,91764,828.2
LOGGER05.txt,00204,00:03:25,00400,0000,034,64,23.07,91773,827.3
LOGGER05.txt,00205,00:03:26,00400,0000,031,64,23.06,91777,827.0
LOGGER05.txt,00206,00:03:27,00400,0000,031,64,23.05,91778,826.9
LOGGER05.txt,00207,00:03:28,00400,0000,030,64,23.04,91779,826.8
LOGGER05.txt,00208,00:03:29,00400,0000,030,64,23.03,91794,825.4
LOGGER05.txt,00209,00:03:30,00400,0000,032,64,23.02,91793,825.6
LOGGER05.txt,00210,00:03:31,00400,0000,031,64,23.02,91796,825.3
LOGGER05.txt,00211,00:03:32,00400,0000,033,64,23.03,91810,824.0
LOGGER05.txt,00212,00:03:33,00400,0000,027,64,23.04,91815,823.6
LOGGER05.txt,00213,00:03:34,00400,0000,030,64,23.03,91821,823.0
LOGGER05.txt,00214,00:03:35,00400,0000,030,64,23.03,91822,822.9
LOGGER05.txt,00215,00:03:36,00400,0000,029,64,23.03,91827,822.5
LOGGER05.txt,00216,00:03:37,00407,0001,032,64,23.02,91837,821.3
LOGGER05.txt,00217,00:03:38,00407,0001,029,64,23.03,91846,820.8
LOGGER05.txt,00218,00:03:39,00400,0000,032,64,23.00,91855,819.9
LOGGER05.txt,00219,00:03:40,00400,0000,032,64,23.01,91865,819.0
LOGGER05.txt,00220,00:03:41,00400,0000,035,64,22.99,91872,818.4
LOGGER05.txt,00221,00:03:42,00407,0001,033,65,22.99,91884,817.3
LOGGER05.txt,00222,00:03:43,00407,0001,032,66,22.99,91886,817.1
LOGGER05.txt,00223,00:03:44,00407,0001,034,65,22.99,91900,815.9
LOGGER05.txt,00224,00:03:45,00400,0000,034,65,22.97,91905,815.5
LOGGER05.txt,00225,00:03:46,00400,0000,031,65,22.99,91919,814.2
LOGGER05.txt,00226,00:03:47,00400,0000,032,65,22.98,91923,813.8
LOGGER05.txt,00227,00:03:48,00401,0000,031,66,22.97,91929,813.2
LOGGER05.txt,00228,00:03:49,00414,0002,031,65,22.97,91932,813.0
LOGGER05.txt,00229,00:03:50,00400,0000,032,65,22.96,91950,811.4
LOGGER05.txt,00230,00:03:51,00409,0001,034,65,22.97,91954,811.0
LOGGER05.txt,00231,00:03:52,00400,0000,032,65,22.98,91961,810.4
LOGGER05.txt,00232,00:03:53,00400,0000,031,65,22.98,91974,809.2
LOGGER05.txt,00233,00:03:54,00400,0000,033,65,22.96,91975,809.1
LOGGER05.txt,00234,00:03:55,00400,0000,034,65,22.96,91988,808.0
LOGGER05.txt,00235,00:03:56,00400,0000,031,66,22.94,91994,807.5
LOGGER05.txt,00236,00:03:57,00410,0001,032,66,22.97,92001,806.8
LOGGER05.txt,00237,00:03:58,00401,0000,035,66,22.97,91998,807.0
LOGGER05.txt,00238,00:03:59,00406,0000,035,66,22.97,92025,805.1
LOGGER05.txt,00239,00:04:00,00401,0000,036,66,22.97,92030,804.2
LOGGER05.txt,00240,00:04:01,00405,0000,031,66,22.99,92031,804.1
LOGGER05.txt,00241,00:04:02,00400,0000,032,66,22.96,92032,804.0
LOGGER05.txt,00242,00:04:03,00400,0000,032,65,22.97,92041,803.2
LOGGER05.txt,00243,00:04:04,00400,0000,037,65,22.96,92056,801.8
LOGGER05.txt,00244,00:04:05,00400,0000,036,65,22.96,92054,801.8
LOGGER05.txt,00245,00:04:06,00400,0000,037,65,22.98,92068,800.8
LOGGER05.txt,00246,00:04:07,00400,0000,033,64,22.98,92071,799.5
LOGGER05.txt,00247,00:04:08,00508,0016,034,64,22.96,92083,799.4
LOGGER05.txt,00248,00:04:09,00497,0014,036,63,22.96,92084,799.3
LOGGER05.txt,00249,00:04:10,00492,0014,034,63,22.96,92089,799.4
LOGGER05.txt,00250,00:04:11,00488,0013,031,63,22.95,92098,798.1
LOGGER05.txt,00251,00:04:12,00473,0011,032,63,22.96,92103,797.6
LOGGER05.txt,00252,00:04:13,00478,0011,031,64,22.97,92112,796.8
LOGGER05.txt,00253,00:04:14,00478,0011,030,64,22.94,92116,796.4
LOGGER05.txt,00254,00:04:15,00473,0011,035,64,22.94,92118,795.7
LOGGER05.txt,00255,00:04:16,00465,0009,030,63,22.94,92127,795.4
LOGGER05.txt,00256,00:04:17,00462,0009,031,63,22.95,92128,795.4
LOGGER05.txt,00257,00:04:18,00465,0009,034,63,22.96,92132,794.0
LOGGER05.txt,00258,00:04:19,00457,0008,032,62,22.96,92152,793.2
LOGGER05.txt,00259,00:04:20,00448,0007,033,62,22.96,92143,794.0
LOGGER05.txt,00260,00:04:21,00444,0006,036,62,23.00,92158,792.7
LOGGER05.txt,00261,00:04:22,00444,0006,034,62,22.97,92165,792.1
LOGGER05.txt,00262,00:04:23,00439,0005,035,62,22.99,92162,791.5
LOGGER05.txt,00263,00:04:24,00427,0004,031,62,22.99,92172,791.4
LOGGER05.txt,00264,00:04:25,00434,0005,032,62,23.01,92174,791.3
LOGGER05.txt,00265,00:04:26,00434,0005,032,62,23.03,92190,789.7
LOGGER05.txt,00266,00:04:27,00427,0004,031,62,23.06,92192,789.6
LOGGER05.txt,00267,00:04:28,00434,0005,031,62,23.05,92199,789.2
LOGGER05.txt,00268,00:04:29,00425,0003,032,62,23.05,92195,789.3
LOGGER05.txt,00269,00:04:30,00425,0003,031,62,23.04,92205,788.5
LOGGER05.txt,00270,00:04:31,00416,0002,032,63,23.04,92211,787.9
LOGGER05.txt,00271,00:04:32,00418,0002,029,63,23.05,92213,787.0
LOGGER05.txt,00272,00:04:33,00411,0001,027,62,23.05,92221,787.0
LOGGER05.txt,00273,00:04:34,00418,0002,027,63,23.05,92226,786.5
LOGGER05.txt,00274,00:04:35,00418,0002,029,63,23.06,92224,786.7
LOGGER05.txt,00275,00:04:36,00408,0001,027,63,23.06,92230,786.2
LOGGER05.txt,00276,00:04:37,00416,0002,028,63,23.09,92243,785.2
LOGGER05.txt,00277,00:04:38,00411,0001,029,63,23.11,92254,784.0
LOGGER05.txt,00278,00:04:39,00425,0003,032,63,23.14,92251,784.3
LOGGER05.txt,00279,00:04:40,00416,0002,034,62,23.17,92259,783.6
LOGGER05.txt,00280,00:04:41,00418,0002,029,62,23.20,92274,782.2
LOGGER05.txt,00281,00:04:42,00425,0003,034,62,23.23,92271,782.5
LOGGER05.txt,00282,00:04:43,00418,0002,031,62,23.25,92269,782.7
LOGGER05.txt,00283,00:04:44,00416,0002,031,62,23.28,92278,781.9
LOGGER05.txt,00284,00:04:45,00448,0007,031,62,23.32,92287,781.3
LOGGER05.txt,00285,00:04:46,00425,0003,032,62,23.37,92289,780.9
LOGGER05.txt,00286,00:04:47,00416,0002,029,62,23.34,92301,779.8
LOGGER05.txt,00287,00:04:48,00408,0001,031,62,23.32,92306,779.4
LOGGER05.txt,00288,00:04:49,00403,0000,034,62,23.32,92314,778.6
LOGGER05.txt,00289,00:04:50,00400,0000,031,62,23.33,92312,778.8
LOGGER05.txt,00290,00:04:51,00400,0000,028,62,23.35,92327,777.5
LOGGER05.txt,00291,00:04:52,00409,0001,032,62,23.37,92329,777.3
LOGGER05.txt,00292,00:04:53,00405,0000,032,62,23.39,92333,776.9
LOGGER05.txt,00293,00:04:54,00405,0000,031,62,23.40,92343,776.0
LOGGER05.txt,00294,00:04:55,00400,0000,028,61,23.43,92356,775.1
LOGGER05.txt,00295,00:04:56,00405,0000,029,61,23.44,92360,774.6
LOGGER05.txt,00296,00:04:57,00409,0001,032,61,23.47,92367,773.9
LOGGER05.txt,00297,00:04:58,00400,0000,027,61,23.48,92375,773.2
LOGGER05.txt,00298,00:04:59,00400,0000,027,61,23.50,92380,772.7
LOGGER05.txt,00299,00:05:00,00400,0000,032,61,23.51,92385,772.3
LOGGER05.txt,00300,00:05:01,00403,0000,027,61,23.54,92397,771.2
LOGGER05.txt,00301,00:05:02,00400,0000,027,61,23.54,92392,771.6
LOGGER05.txt,00302,00:05:03,00410,0001,027,61,23.58,92404,769.8
LOGGER05.txt,00303,00:05:04,00402,0000,027,62,23.56,92406,770.4
LOGGER05.txt,00304,00:05:05,00400,0000,026,62,23.55,92421,769.0
LOGGER05.txt,00305,00:05:06,00400,0000,027,62,23.55,92423,768.8
LOGGER05.txt,00306,00:05:07,00400,0000,028,62,23.52,92428,768.5
LOGGER05.txt,00307,00:05:08,00400,0000,024,62,23.52,92438,767.6
LOGGER05.txt,00308,00:05:09,00403,0000,026,62,23.52,92438,767.6
LOGGER05.txt,00309,00:05:10,00400,0000,025,62,23.51,92440,767.4
LOGGER05.txt,00310,00:05:11,00400,0000,026,62,23.51,92442,767.2
LOGGER05.txt,00311,00:05:12,00400,0000,023,62,23.52,92454,766.1
LOGGER05.txt,00312,00:05:13,00405,0000,023,62,23.54,92460,765.6
LOGGER05.txt,00313,00:05:14,00400,0000,024,62,23.53,92467,765.0
LOGGER05.txt,00314,00:05:15,00400,0000,025,62,23.53,92467,764.9
LOGGER05.txt,00315,00:05:16,00408,0001,027,62,23.55,92472,764.2
LOGGER05.txt,00316,00:05:17,00400,0000,023,62,23.55,92476,763.9
LOGGER05.txt,00317,00:05:18,00400,0000,024,62,23.56,92477,764.1
LOGGER05.txt,00318,00:05:19,00400,0000,025,62,23.57,92479,763.8
LOGGER05.txt,00319,00:05:20,00400,0000,023,62,23.58,92481,763.7
LOGGER05.txt,00320,00:05:21,00400,0000,024,62,23.58,92492,762.2
LOGGER05.txt,00321,00:05:22,00400,0000,023,62,23.58,92500,762.0
LOGGER05.txt,00322,00:05:23,00400,0000,026,62,23.56,92494,762.5
LOGGER05.txt,00323,00:05:24,00400,0000,028,63,23.59,92506,761.9
LOGGER05.txt,00324,00:05:25,00409,0001,028,62,23.62,92505,761.5
LOGGER05.txt,00325,00:05:26,00400,0000,024,62,23.63,92510,761.1
LOGGER05.txt,00326,00:05:27,00408,0001,023,62,23.63,92512,760.6
LOGGER05.txt,00327,00:05:28,00400,0000,023,62,23.62,92520,760.2
LOGGER05.txt,00328,00:05:29,00405,0000,024,62,23.63,92523,759.9
LOGGER05.txt,00329,00:05:30,00408,0001,026,63,23.63,92527,760.1
LOGGER05.txt,00330,00:05:31,00400,0000,030,63,23.65,92526,759.4
LOGGER05.txt,00331,00:05:32,00408,0001,023,63,23.64,92523,759.9
LOGGER05.txt,00332,00:05:33,00408,0001,028,63,23.67,92532,758.8
LOGGER05.txt,00333,00:05:34,00408,0001,028,64,23.66,92537,758.7
LOGGER05.txt,00334,00:05:35,00403,0000,023,63,23.68,92545,757.9
LOGGER05.txt,00335,00:05:36,00400,0000,025,63,23.71,92542,758.2
LOGGER05.txt,00336,00:05:37,00403,0000,024,62,23.74,92552,757.3
LOGGER05.txt,00337,00:05:38,00400,0000,024,62,23.76,92550,757.5
LOGGER05.txt,00338,00:05:39,00400,0000,025,62,23.75,92556,757.0
LOGGER05.txt,00339,00:05:40,00403,0000,024,62,23.77,92556,756.9
LOGGER05.txt,00340,00:05:41,00411,0001,027,62,23.78,92556,757.0
LOGGER05.txt,00341,00:05:42,00400,0000,028,62,23.77,92554,756.4
LOGGER05.txt,00342,00:05:43,00400,0000,023,62,23.77,92568,755.9
LOGGER05.txt,00343,00:05:44,00406,0000,027,62,23.79,92574,755.4
LOGGER05.txt,00344,00:05:45,00406,0000,026,62,23.79,92571,755.6
LOGGER05.txt,00345,00:05:46,00400,0000,026,61,23.79,92576,755.2
LOGGER05.txt,00346,00:05:47,00400,0000,025,61,23.76,92579,754.9
LOGGER05.txt,00347,00:05:48,00400,0000,024,61,23.76,92583,754.8
LOGGER05.txt,00348,00:05:49,00402,0000,022,61,23.76,92591,753.8
LOGGER05.txt,00349,00:05:50,00400,0000,021,61,23.76,92606,752.4
LOGGER05.txt,00350,00:05:51,00413,0001,021,61,23.74,92607,752.4
LOGGER05.txt,00351,00:05:52,00427,0004,020,61,23.73,92616,751.6
LOGGER05.txt,00352,00:05:53,00405,0000,024,61,23.75,92627,750.5
LOGGER05.txt,00353,00:05:54,00408,0001,021,61,23.73,92638,749.6
LOGGER05.txt,00354,00:05:55,00400,0000,019,61,23.72,92639,749.5
LOGGER05.txt,00355,00:05:56,00417,0002,019,61,23.72,92644,749.1
LOGGER05.txt,00356,00:05:57,00413,0001,018,62,23.71,92648,748.7
LOGGER05.txt,00357,00:05:58,00409,0001,023,61,23.70,92663,747.3
LOGGER05.txt,00358,00:05:59,00409,0001,021,62,23.70,92669,746.9
LOGGER05.txt,00359,00:06:00,00409,0001,020,62,23.73,92674,746.4
LOGGER05.txt,00360,00:06:01,00413,0001,022,61,23.73,92676,746.2
LOGGER05.txt,00361,00:06:02,00409,0001,022,62,23.73,92679,745.9
LOGGER05.txt,00362,00:06:03,00409,0001,024,62,23.74,92691,744.9
LOGGER05.txt,00363,00:06:04,00417,0002,026,62,23.72,92688,745.1
LOGGER05.txt,00364,00:06:05,00417,0002,023,62,23.76,92702,743.9
LOGGER05.txt,00365,00:06:06,00409,0001,026,62,23.75,92707,743.5
LOGGER05.txt,00366,00:06:07,00400,0000,024,63,23.75,92709,743.3
LOGGER05.txt,00367,00:06:08,00411,0001,022,62,23.78,92711,743.1
LOGGER05.txt,00368,00:06:09,00411,0001,023,63,23.78,92717,741.8
LOGGER05.txt,00369,00:06:10,00402,0000,021,63,23.79,92723,742.0
LOGGER05.txt,00370,00:06:11,00409,0001,022,62,23.80,92725,741.8
LOGGER05.txt,00371,00:06:12,00400,0000,025,61,23.78,92724,742.1
LOGGER05.txt,00372,00:06:13,00400,0000,026,61,23.75,92731,741.3
LOGGER05.txt,00373,00:06:14,00400,0000,024,61,23.75,92736,740.8
LOGGER05.txt,00374,00:06:15,00411,0001,026,61,23.74,92743,740.2
LOGGER05.txt,00375,00:06:16,00402,0000,021,61,23.75,92739,740.6
LOGGER05.txt,00376,00:06:17,00400,0000,019,61,23.75,92742,740.3
LOGGER05.txt,00377,00:06:18,00408,0001,024,61,23.75,92750,739.6
LOGGER05.txt,00378,00:06:19,00400,0000,022,61,23.76,92760,738.7
LOGGER05.txt,00379,00:06:20,00403,0000,024,61,23.79,92764,738.3
LOGGER05.txt,00380,00:06:21,00408,0001,022,62,23.82,92761,738.6
LOGGER05.txt,00381,00:06:22,00410,0001,022,63,23.84,92767,738.1
LOGGER05.txt,00382,00:06:23,00403,0000,021,63,23.83,92774,737.4
LOGGER05.txt,00383,00:06:24,00408,0001,021,62,23.82,92775,737.3
LOGGER05.txt,00384,00:06:25,00410,0001,024,63,23.85,92779,737.0
LOGGER05.txt,00385,00:06:26,00420,0003,026,63,23.86,92790,736.0
LOGGER05.txt,00386,00:06:27,00410,0001,021,63,23.88,92773,737.5
LOGGER05.txt,00387,00:06:28,00415,0002,022,63,23.93,92792,735.9
LOGGER05.txt,00388,00:06:29,00410,0001,023,62,23.91,92792,735.8
LOGGER05.txt,00389,00:06:30,00403,0000,019,62,23.88,92795,735.5
LOGGER05.txt,00390,00:06:31,00400,0000,023,62,23.86,92798,735.3
LOGGER05.txt,00391,00:06:32,00400,0000,021,62,23.87,92801,735.0
LOGGER05.txt,00392,00:06:33,00400,0000,020,62,23.86,92797,735.4
LOGGER05.txt,00393,00:06:34,00400,0000,021,63,23.87,92802,734.9
LOGGER05.txt,00394,00:06:35,00408,0001,026,62,23.88,92803,734.9
LOGGER05.txt,00395,00:06:36,00402,0000,019,62,23.88,92806,734.6
LOGGER05.txt,00396,00:06:37,00400,0000,019,62,23.86,92809,734.3
LOGGER05.txt,00397,00:06:38,00400,0000,019,62,23.86,92817,733.6
LOGGER05.txt,00398,00:06:39,00402,0000,022,62,23.87,92816,733.7
LOGGER05.txt,00399,00:06:40,00402,0000,018,62,23.88,92817,733.6
LOGGER05.txt,00400,00:06:41,00400,0000,017,62,23.89,92824,733.0
LOGGER05.txt,00401,00:06:42,00409,0001,022,62,23.87,92827,732.7
LOGGER05.txt,00402,00:06:42,00400,0000,017,62,23.86,92825,732.9
LOGGER05.txt,00403,00:06:43,00403,0000,017,62,23.85,92829,732.5
LOGGER05.txt,00404,00:06:44,00400,0000,018,62,23.85,92828,732.6
LOGGER05.txt,00405,00:06:45,00415,0002,017,62,23.85,92834,732.0
LOGGER05.txt,00406,00:06:46,00402,0000,020,62,23.85,92834,732.0
LOGGER05.txt,00407,00:06:47,00402,0000,022,62,23.85,92834,732.0
LOGGER05.txt,00408,00:06:48,00402,0000,020,62,23.82,92832,732.2
LOGGER05.txt,00409,00:06:49,00400,0000,022,62,23.83,92840,731.6
LOGGER05.txt,00410,00:06:50,00407,0001,022,62,23.83,92836,731.9
LOGGER05.txt,00411,00:06:51,00409,0001,019,63,23.85,92842,731.4
LOGGER05.txt,00412,00:06:52,00407,0001,017,62,23.83,92842,731.3
LOGGER05.txt,00413,00:06:53,00400,0000,020,62,23.84,92849,730.5
LOGGER05.txt,00414,00:06:54,00400,0000,019,62,23.85,92851,730.6
LOGGER05.txt,00415,00:06:55,00406,0000,020,62,23.86,92868,729.0
LOGGER05.txt,00416,00:06:56,00400,0000,020,62,23.86,92877,728.2
LOGGER05.txt,00417,00:06:57,00400,0000,023,63,23.84,92888,727.3
LOGGER05.txt,00418,00:06:58,00409,0001,019,63,23.85,92892,726.9
LOGGER05.txt,00419,00:06:59,00413,0001,024,62,23.84,92898,726.3
LOGGER05.txt,00420,00:07:00,00400,0000,021,62,23.85,92908,725.4
LOGGER05.txt,00421,00:07:01,00403,0000,021,63,23.89,92917,724.6
LOGGER05.txt,00422,00:07:02,00403,0000,023,63,23.90,92924,724.1
LOGGER05.txt,00423,00:07:03,00400,0000,021,63,23.90,92930,723.5
LOGGER05.txt,00424,00:07:04,00400,0000,023,62,23.91,92934,723.1
LOGGER05.txt,00425,00:07:05,00403,0000,024,62,23.90,92943,722.3
LOGGER05.txt,00426,00:07:06,00400,0000,021,61,23.88,92948,721.9
LOGGER05.txt,00427,00:07:07,00403,0000,019,61,23.88,92954,721.4
LOGGER05.txt,00428,00:07:08,00403,0000,021,62,23.90,92960,720.8
LOGGER05.txt,00429,00:07:09,00403,0000,023,61,23.90,92974,719.6
LOGGER05.txt,00430,00:07:10,00403,0000,021,61,23.89,92971,719.8
LOGGER05.txt,00431,00:07:11,00400,0000,020,61,23.90,92979,719.1
LOGGER05.txt,00432,00:07:12,00411,0001,020,61,23.90,92986,718.5
LOGGER05.txt,00433,00:07:13,00400,0000,024,61,23.88,92992,718.0
LOGGER05.txt,00434,00:07:14,00403,0000,023,61,23.89,92999,717.3
LOGGER05.txt,00435,00:07:15,00403,0000,024,60,23.89,93005,716.8
LOGGER05.txt,00436,00:07:16,00400,0000,019,60,23.87,93012,716.1
LOGGER05.txt,00437,00:07:17,00400,0000,019,60,23.89,93009,716.4
LOGGER05.txt,00438,00:07:18,00400,0000,024,60,23.89,93021,715.4
LOGGER05.txt,00439,00:07:19,00400,0000,021,60,23.89,93031,714.5
LOGGER05.txt,00440,00:07:20,00400,0000,020,60,23.88,93032,714.4
LOGGER05.txt,00441,00:07:21,00403,0000,021,60,23.88,93041,713.6
LOGGER05.txt,00442,00:07:22,00400,0000,019,60,23.89,93042,713.5
LOGGER05.txt,00443,00:07:23,00400,0000,021,60,23.89,93048,712.9
LOGGER05.txt,00444,00:07:24,00400,0000,020,60,23.91,93054,712.5
LOGGER05.txt,00445,00:07:25,00400,0000,023,60,23.89,93059,712.0
LOGGER05.txt,00446,00:07:26,00400,0000,021,61,23.90,93064,711.6
LOGGER05.txt,00447,00:07:27,00406,0000,023,60,23.90,93066,711.3
LOGGER05.txt,00448,00:07:28,00402,0000,020,61,23.89,93076,710.5
LOGGER05.txt,00449,00:07:29,00406,0000,021,61,23.93,93087,709.5
LOGGER05.txt,00450,00:07:30,00400,0000,021,61,23.94,93099,708.4
LOGGER05.txt,00451,00:07:31,00406,0000,024,61,23.94,93116,706.9
LOGGER05.txt,00452,00:07:32,00420,0003,020,61,23.94,93116,706.4
LOGGER05.txt,00453,00:07:33,00537,0020,024,61,23.97,93126,706.0
LOGGER05.txt,00454,00:07:34,00406,0000,021,61,23.97,93134,705.3
LOGGER05.txt,00455,00:07:35,00409,0001,022,61,23.99,93145,704.3
LOGGER05.txt,00456,00:07:36,00411,0001,024,61,23.99,93156,702.9
LOGGER05.txt,00457,00:07:37,00402,0000,022,61,23.98,93159,703.0
LOGGER05.txt,00458,00:07:38,00406,0000,022,61,23.99,93173,701.9
LOGGER05.txt,00459,00:07:39,00409,0001,020,61,24.01,93178,701.2
LOGGER05.txt,00460,00:07:40,00411,0001,021,61,24.03,93192,700.1
LOGGER05.txt,00461,00:07:41,00411,0001,021,61,24.04,93191,700.2
LOGGER05.txt,00462,00:07:42,00411,0001,020,61,24.05,93206,698.9
LOGGER05.txt,00463,00:07:43,00420,0003,019,61,24.07,93212,698.4
LOGGER05.txt,00464,00:07:44,00416,0002,024,61,24.11,93224,697.3
LOGGER05.txt,00465,00:07:45,00416,0002,019,61,24.12,93223,697.4
LOGGER05.txt,00466,00:07:46,00420,0003,023,61,24.13,93236,696.7
LOGGER05.txt,00467,00:07:47,00420,0003,024,61,24.14,93245,695.4
LOGGER05.txt,00468,00:07:48,00411,0001,020,61,24.14,93253,694.7
LOGGER05.txt,00469,00:07:49,00402,0000,020,60,24.16,93265,693.7
LOGGER05.txt,00470,00:07:50,00409,0001,025,60,24.17,93270,693.2
LOGGER05.txt,00471,00:07:51,00409,0001,019,60,24.18,93281,691.9
LOGGER05.txt,00472,00:07:52,00406,0000,021,60,24.19,93286,691.7
LOGGER05.txt,00473,00:07:53,00416,0002,021,61,24.21,93297,690.8
LOGGER05.txt,00474,00:07:54,00406,0000,020,61,24.21,93303,690.2
LOGGER05.txt,00475,00:07:55,00420,0003,021,62,24.26,93308,689.8
LOGGER05.txt,00476,00:07:56,00423,0003,020,62,24.27,93310,689.6
LOGGER05.txt,00477,00:07:57,00423,0003,023,63,24.30,93334,687.5
LOGGER05.txt,00478,00:07:58,00423,0003,023,62,24.32,93345,686.6
LOGGER05.txt,00479,00:07:59,00416,0002,017,62,24.33,93357,685.4
LOGGER05.txt,00480,00:08:00,00411,0001,023,62,24.30,93360,685.1
LOGGER05.txt,00481,00:08:01,00402,0000,017,61,24.30,93377,683.7
LOGGER05.txt,00482,00:08:02,00406,0000,018,61,24.29,93392,682.4
LOGGER05.txt,00483,00:08:03,00400,0000,022,61,24.28,93391,682.4
LOGGER05.txt,00484,00:08:04,00400,0000,020,61,24.29,93403,681.4
LOGGER05.txt,00485,00:08:05,00400,0000,023,61,24.29,93414,680.3
LOGGER05.txt,00486,00:08:06,00407,0001,018,61,24.30,93427,679.2
LOGGER05.txt,00487,00:08:07,00407,0001,020,61,24.28,93434,678.6
LOGGER05.txt,00488,00:08:08,00400,0000,020,61,24.28,93454,676.8
LOGGER05.txt,00489,00:08:09,00409,0001,019,61,24.28,93461,676.2
LOGGER05.txt,00490,00:08:10,00400,0000,017,61,24.27,93469,675.5
LOGGER05.txt,00491,00:08:11,00407,0001,020,62,24.27,93479,674.6
LOGGER05.txt,00492,00:08:12,00407,0001,019,62,24.27,93491,673.6
LOGGER05.txt,00493,00:08:13,00400,0000,022,62,24.26,93496,673.1
LOGGER05.txt,00494,00:08:14,00413,0001,023,62,24.26,93507,672.3
LOGGER05.txt,00495,00:08:15,00415,0002,022,62,24.25,93519,671.0
LOGGER05.txt,00496,00:08:16,00406,0000,019,62,24.23,93528,670.3
LOGGER05.txt,00497,00:08:17,00428,0004,017,62,24.22,93531,670.0
LOGGER05.txt,00498,00:08:18,00400,0000,019,61,24.22,93542,669.3
LOGGER05.txt,00499,00:08:19,00400,0000,020,61,24.22,93543,668.9
LOGGER05.txt,00500,00:08:20,00403,0000,019,61,24.22,93558,667.6
LOGGER05.txt,00501,00:08:21,00400,0000,025,61,24.23,93571,666.4
LOGGER05.txt,00502,00:08:22,00403,0000,019,61,24.22,93576,666.0
LOGGER05.txt,00503,00:08:23,00400,0000,020,61,24.23,93590,664.7
LOGGER05.txt,00504,00:08:24,00410,0001,020,61,24.24,93594,664.4
LOGGER05.txt,00505,00:08:25,00400,0000,023,61,24.22,93597,664.1
LOGGER05.txt,00506,00:08:26,00406,0000,017,61,24.23,93604,663.5
LOGGER05.txt,00507,00:08:27,00406,0000,023,61,24.23,93615,662.6
LOGGER05.txt,00508,00:08:28,00410,0001,020,61,24.24,93628,661.4
LOGGER05.txt,00509,00:08:29,00406,0000,021,61,24.24,93636,660.7
LOGGER05.txt,00510,00:08:30,00400,0000,018,61,24.26,93647,659.7
LOGGER05.txt,00511,00:08:31,00407,0001,022,60,24.26,93652,659.2
LOGGER05.txt,00512,00:08:32,00407,0001,023,60,24.27,93660,658.5
LOGGER05.txt,00513,00:08:33,00405,0000,018,60,24.28,93675,657.2
LOGGER05.txt,00514,00:08:34,00405,0000,019,61,24.29,93687,656.1
LOGGER05.txt,00515,00:08:35,00407,0001,020,61,24.32,93695,655.2
LOGGER05.txt,00516,00:08:36,00405,0000,022,61,24.33,93707,654.4
LOGGER05.txt,00517,00:08:37,00400,0000,021,61,24.31,93715,653.7
LOGGER05.txt,00518,00:08:38,00415,0002,022,61,24.33,93713,653.9
LOGGER05.txt,00519,00:08:39,00415,0002,017,60,24.33,93735,651.6
LOGGER05.txt,00520,00:08:40,00418,0002,020,60,24.35,93749,650.7
LOGGER05.txt,00521,00:08:41,00413,0001,020,60,24.35,93757,650.0
LOGGER05.txt,00522,00:08:42,00400,0000,022,60,24.36,93775,648.4
LOGGER05.txt,00523,00:08:43,00400,0000,021,60,24.36,93778,648.1
LOGGER05.txt,00524,00:08:44,00405,0000,020,60,24.35,93787,647.0
LOGGER05.txt,00525,00:08:45,00400,0000,019,60,24.36,93800,646.1
LOGGER05.txt,00526,00:08:46,00400,0000,020,60,24.37,93813,645.0
LOGGER05.txt,00527,00:08:47,00400,0000,022,60,24.38,93820,643.9
LOGGER05.txt,00528,00:08:48,00409,0001,018,60,24.38,93831,643.4
LOGGER05.txt,00529,00:08:49,00407,0001,017,60,24.41,93837,642.8
LOGGER05.txt,00530,00:08:50,00413,0001,017,61,24.43,93849,641.8
LOGGER05.txt,00531,00:08:51,00425,0003,019,60,24.44,93859,640.9
LOGGER05.txt,00532,00:08:52,00417,0002,020,60,24.44,93865,640.4
LOGGER05.txt,00533,00:08:53,00417,0002,019,60,24.44,93875,639.5
LOGGER05.txt,00534,00:08:54,00407,0001,022,60,24.45,93883,638.8
LOGGER05.txt,00535,00:08:55,00413,0001,017,60,24.46,93893,637.9
LOGGER05.txt,00536,00:08:56,00409,0001,023,60,24.46,93900,637.3
LOGGER05.txt,00537,00:08:57,00409,0001,019,60,24.46,93900,637.3
LOGGER05.txt,00538,00:08:58,00407,0001,019,60,24.46,93915,636.0
LOGGER05.txt,00539,00:08:59,00409,0001,023,60,24.47,93930,634.6
LOGGER05.txt,00540,00:09:00,00407,0001,017,60,24.48,93942,633.6
LOGGER05.txt,00541,00:09:01,00400,0000,018,60,24.47,93941,633.7
LOGGER05.txt,00542,00:09:02,00409,0001,019,60,24.49,93957,632.2
LOGGER05.txt,00543,00:09:03,00407,0001,019,60,24.49,93962,631.7
LOGGER05.txt,00544,00:09:04,00409,0001,020,60,24.48,93967,631.3
LOGGER05.txt,00545,00:09:05,00407,0001,019,60,24.50,93980,630.2
LOGGER05.txt,00546,00:09:06,00403,0000,019,60,24.50,93992,629.1
LOGGER05.txt,00547,00:09:07,00403,0000,021,61,24.51,93998,628.6
LOGGER05.txt,00548,00:09:08,00407,0001,019,61,24.51,93998,628.6
LOGGER05.txt,00549,00:09:09,00400,0000,018,61,24.51,94010,627.5
LOGGER05.txt,00550,00:09:10,00403,0000,019,60,24.52,94022,626.5
LOGGER05.txt,00551,00:09:11,00400,0000,020,60,24.52,94038,625.3
LOGGER05.txt,00552,00:09:12,00414,0002,022,60,24.50,94038,625.1
LOGGER05.txt,00553,00:09:13,00406,0000,015,60,24.51,94045,624.4
LOGGER05.txt,00554,00:09:14,00414,0002,018,60,24.50,94044,624.5
LOGGER05.txt,00555,00:09:15,00414,0002,021,60,24.51,94048,624.1
LOGGER05.txt,00556,00:09:16,00410,0001,017,60,24.53,94056,623.4
LOGGER05.txt,00557,00:09:17,00414,0002,022,60,24.53,94060,623.1
LOGGER05.txt,00558,00:09:18,00400,0000,019,60,24.54,94059,623.2
LOGGER05.txt,00559,00:09:19,00414,0002,019,61,24.54,94070,622.3
LOGGER05.txt,00560,00:09:20,00400,0000,019,61,24.56,94075,621.8
LOGGER05.txt,00561,00:09:21,00410,0001,022,61,24.57,94068,622.4
LOGGER05.txt,00562,00:09:22,00406,0000,018,62,24.57,94074,621.9
LOGGER05.txt,00563,00:09:23,00403,0000,017,61,24.57,94079,621.4
LOGGER05.txt,00564,00:09:24,00406,0000,019,61,24.58,94078,621.5
LOGGER05.txt,00565,00:09:25,00427,0004,017,61,24.59,94074,621.9
LOGGER05.txt,00566,00:09:26,00414,0002,022,60,24.61,94076,621.7
LOGGER05.txt,00567,00:09:27,00406,0000,019,60,24.62,94075,621.8
LOGGER05.txt,00568,00:09:28,00406,0000,018,61,24.63,94074,621.9
LOGGER05.txt,00569,00:09:29,00410,0001,018,61,24.66,94076,621.7
LOGGER05.txt,00570,00:09:30,00414,0002,018,61,24.65,94067,622.5
LOGGER05.txt,00571,00:09:31,00406,0000,016,60,24.67,94062,622.4
LOGGER05.txt,00572,00:09:32,00414,0002,017,61,24.68,94067,622.5
LOGGER05.txt,00573,00:09:33,00410,0001,018,61,24.70,94061,623.0
LOGGER05.txt,00574,00:09:34,00414,0002,021,61,24.70,94059,623.2
LOGGER05.txt,00575,00:09:35,00400,0000,021,60,24.70,94058,623.3
LOGGER05.txt,00576,00:09:36,00414,0002,018,60,24.72,94045,624.2
LOGGER05.txt,00577,00:09:37,00410,0001,021,60,24.73,94038,625.0
LOGGER05.txt,00578,00:09:38,00400,0000,015,60,24.73,94039,625.0
LOGGER05.txt,00579,00:09:39,00406,0000,022,60,24.74,94035,625.3
LOGGER05.txt,00580,00:09:40,00400,0000,018,60,24.75,94037,625.2
LOGGER05.txt,00581,00:09:41,00409,0001,015,60,24.75,94026,626.1
LOGGER05.txt,00582,00:09:42,00402,0000,022,60,24.74,94030,626.3
LOGGER05.txt,00583,00:09:43,00406,0000,017,60,24.75,94026,626.1
LOGGER05.txt,00584,00:09:44,00406,0000,018,60,24.78,94021,626.5
LOGGER05.txt,00585,00:09:45,00409,0001,018,60,24.79,94018,626.8
LOGGER05.txt,00586,00:09:46,00406,0000,019,60,24.78,94011,627.4
LOGGER05.txt,00587,00:09:47,00402,0000,023,60,24.78,94005,628.0
LOGGER05.txt,00588,00:09:48,00402,0000,019,60,24.77,93999,628.5
LOGGER05.txt,00589,00:09:49,00400,0000,021,60,24.78,93997,628.7
LOGGER05.txt,00590,00:09:50,00400,0000,017,60,24.77,93982,630.0
LOGGER05.txt,00591,00:09:51,00400,0000,015,60,24.77,93985,629.7
LOGGER05.txt,00592,00:09:52,00400,0000,018,60,24.77,93974,630.7
LOGGER05.txt,00593,00:09:53,00408,0001,019,60,24.79,93972,630.9
LOGGER05.txt,00594,00:09:54,00411,0001,019,60,24.82,93976,630.6
LOGGER05.txt,00595,00:09:55,00414,0002,019,60,24.81,93959,632.1
LOGGER05.txt,00596,00:09:56,00417,0002,020,60,24.83,93951,632.8
LOGGER05.txt,00597,00:09:57,00414,0002,019,60,24.84,93963,631.7
LOGGER05.txt,00598,00:09:58,00408,0001,016,60,24.82,93946,633.2
LOGGER05.txt,00599,00:09:59,00400,0000,023,60,24.81,93936,634.1
LOGGER05.txt,00600,00:10:00,00551,0023,017,59,24.80,93935,634.6
LOGGER05.txt,00601,00:10:01,00400,0000,019,59,24.81,93931,634.5
LOGGER05.txt,00602,00:10:02,00400,0000,019,59,24.82,93922,635.3
LOGGER05.txt,00603,00:10:03,00408,0001,022,59,24.83,93924,635.2
LOGGER05.txt,00604,00:10:04,00400,0000,018,59,24.83,93932,634.5
LOGGER05.txt,00605,00:10:05,00406,0000,020,59,24.83,93934,634.2
LOGGER05.txt,00606,00:10:06,00402,0000,018,59,24.84,93935,634.1
LOGGER05.txt,00607,00:10:07,00406,0000,023,59,24.83,93932,634.5
LOGGER05.txt,00608,00:10:08,00400,0000,018,59,24.84,93936,634.1
LOGGER05.txt,00609,00:10:09,00402,0000,020,59,24.84,93931,634.6
LOGGER05.txt,00610,00:10:10,00406,0000,021,60,24.84,93941,633.9
LOGGER05.txt,00611,00:10:11,00400,0000,018,60,24.87,93937,633.7
LOGGER05.txt,00612,00:10:12,00409,0001,022,60,24.86,93941,633.6
LOGGER05.txt,00613,00:10:13,00406,0000,022,60,24.87,93946,633.2
LOGGER05.txt,00614,00:10:14,00414,0002,022,60,24.89,93944,633.4
LOGGER05.txt,00615,00:10:15,00409,0001,017,60,24.89,93943,633.4
LOGGER05.txt,00616,00:10:16,00406,0000,023,60,24.90,93940,633.2
LOGGER05.txt,00617,00:10:17,00414,0002,019,60,24.91,93947,633.1
LOGGER05.txt,00618,00:10:18,00409,0001,022,60,24.91,93942,633.6
LOGGER05.txt,00619,00:10:19,00406,0000,019,61,24.94,93936,634.1
LOGGER05.txt,00620,00:10:20,00414,0002,019,61,24.98,93947,633.1
LOGGER05.txt,00621,00:10:21,00420,0003,022,60,24.97,93945,633.3
LOGGER05.txt,00622,00:10:22,00409,0001,017,60,24.98,93955,632.4
LOGGER05.txt,00623,00:10:23,00400,0000,022,60,24.98,93947,633.1
LOGGER05.txt,00624,00:10:24,00414,0002,023,60,24.97,93943,633.5
LOGGER05.txt,00625,00:10:25,00409,0001,019,60,24.97,93954,632.5
LOGGER05.txt,00626,00:10:26,00403,0000,018,61,24.98,93967,631.6
LOGGER05.txt,00627,00:10:27,00414,0002,015,61,25.00,93972,630.9
LOGGER05.txt,00628,00:10:28,00400,0000,017,61,24.97,93976,630.5
LOGGER05.txt,00629,00:10:29,00413,0001,019,61,24.97,93981,630.1
LOGGER05.txt,00630,00:10:30,00413,0001,020,61,24.95,93992,629.1
LOGGER05.txt,00631,00:10:31,00421,0003,023,61,24.98,94001,628.3
LOGGER05.txt,00632,00:10:32,00446,0007,017,61,24.99,93993,629.1
LOGGER05.txt,00633,00:10:33,00421,0003,019,61,25.04,94001,628.3
LOGGER05.txt,00634,00:10:34,00434,0005,017,61,25.07,94011,627.4
LOGGER05.txt,00635,00:10:35,00423,0003,019,61,25.06,94018,626.9
LOGGER05.txt,00636,00:10:36,00432,0004,024,61,25.06,94020,626.6
LOGGER05.txt,00637,00:10:37,00432,0004,017,61,25.07,94021,626.8
LOGGER05.txt,00638,00:10:38,00434,0005,020,61,25.10,94027,626.1
LOGGER05.txt,00639,00:10:39,00439,0005,019,61,25.12,94035,625.4
LOGGER05.txt,00640,00:10:40,00423,0003,022,61,25.09,94027,626.0
LOGGER05.txt,00641,00:10:41,00434,0005,023,61,25.09,94033,625.5
LOGGER05.txt,00642,00:10:42,00439,0005,017,61,25.11,94044,624.5
LOGGER05.txt,00643,00:10:43,00434,0005,019,61,25.11,94045,624.5
LOGGER05.txt,00644,00:10:44,00439,0005,022,61,25.09,94050,624.3
LOGGER05.txt,00645,00:10:45,00423,0003,018,61,25.11,94050,624.0
LOGGER05.txt,00646,00:10:46,00426,0003,018,60,25.10,94051,623.9
LOGGER05.txt,00647,00:10:47,00432,0004,018,60,25.12,94060,623.1
LOGGER05.txt,00648,00:10:48,00426,0003,018,60,25.12,94051,623.9
LOGGER05.txt,00649,00:10:49,00432,0004,017,60,25.12,94062,622.9
LOGGER05.txt,00650,00:10:50,00417,0002,017,61,25.12,94063,622.9
LOGGER05.txt,00651,00:10:51,00434,0005,023,61,25.14,94061,623.1
LOGGER05.txt,00652,00:10:52,00423,0003,019,60,25.13,94067,622.5
LOGGER05.txt,00653,00:10:53,00423,0003,019,60,25.17,94073,622.0
LOGGER05.txt,00654,00:10:54,00426,0003,021,61,25.15,94070,622.3
LOGGER05.txt,00655,00:10:55,00439,0005,019,61,25.13,94081,621.3
LOGGER05.txt,00656,00:10:56,00426,0003,019,61,25.13,94081,621.3
LOGGER05.txt,00657,00:10:57,00417,0002,017,61,25.12,94078,621.5
LOGGER05.txt,00658,00:10:58,00423,0003,017,61,25.13,94092,620.3
LOGGER05.txt,00659,00:10:59,00426,0003,018,61,25.14,94093,620.2
LOGGER05.txt,00660,00:11:00,00432,0004,017,61,25.12,94087,620.7
